5;GreedyTSP;662;0,1,4,3,2,0,;88
5;RandomGreedyTSP;662;0,1,4,3,2,0,;101
5;MetaTSP;662;0,1,4,3,2,0,;342
5;BruteForceTSP;437;0,1,2,4,3,0,;63
5;GreedyTSP;0;0,2,3,4,0,0,;78
5;RandomGreedyTSP;762;4,0,2,3,1,4,;37
5;MetaTSP;0;0,3,1,2,4,0,;313
5;BruteForceTSP;762;0,2,3,1,4,0,;53
5;GreedyTSP;816;0,2,4,1,3,0,;73
5;RandomGreedyTSP;678;4,1,2,0,3,4,;55
5;MetaTSP;730;0,2,4,3,1,0,;384
5;BruteForceTSP;730;0,2,4,3,1,0,;53
5;GreedyTSP;834;0,3,1,4,2,0,;28
5;RandomGreedyTSP;551;3,1,4,0,2,3,;33
5;MetaTSP;719;0,2,1,4,3,0,;243
5;BruteForceTSP;551;0,2,3,1,4,0,;45
5;GreedyTSP;735;0,4,3,1,2,0,;35
5;RandomGreedyTSP;735;0,4,3,1,2,0,;32
5;MetaTSP;735;0,4,3,1,2,0,;182
5;BruteForceTSP;735;0,4,3,1,2,0,;50
5;GreedyTSP;879;0,1,2,3,4,0,;26
5;RandomGreedyTSP;934;2,1,4,3,0,2,;36
5;MetaTSP;879;0,1,2,3,4,0,;257
5;BruteForceTSP;773;0,4,3,1,2,0,;45
5;GreedyTSP;1051;0,1,3,4,2,0,;22
5;RandomGreedyTSP;733;2,1,0,4,3,2,;15
5;MetaTSP;0;0,1,3,4,2,0,;130
5;BruteForceTSP;906;0,1,2,3,4,0,;29
5;GreedyTSP;1100;0,2,3,1,4,0,;24
5;RandomGreedyTSP;1100;4,0,2,3,1,4,;18
5;MetaTSP;1042;0,2,4,1,3,0,;150
5;BruteForceTSP;1042;0,2,4,1,3,0,;34
5;GreedyTSP;899;0,2,1,3,4,0,;35
5;RandomGreedyTSP;850;4,2,1,0,3,4,;65
5;MetaTSP;585;0,2,4,3,1,0,;162
5;BruteForceTSP;531;0,4,2,1,3,0,;33
5;GreedyTSP;947;0,4,2,3,1,0,;19
5;RandomGreedyTSP;947;0,4,2,3,1,0,;17
5;MetaTSP;792;0,4,2,1,3,0,;165
5;BruteForceTSP;792;0,4,2,1,3,0,;25
5;GreedyTSP;913;0,4,1,3,2,0,;42
5;RandomGreedyTSP;913;0,4,1,3,2,0,;35
5;MetaTSP;913;0,4,1,3,2,0,;256
5;BruteForceTSP;913;0,4,1,3,2,0,;43
5;GreedyTSP;602;0,2,4,1,3,0,;44
5;RandomGreedyTSP;867;1,4,0,0,2,1,;34
5;MetaTSP;602;0,2,4,1,3,0,;241
5;BruteForceTSP;602;0,2,4,1,3,0,;45
5;GreedyTSP;533;0,3,1,2,4,0,;23
5;RandomGreedyTSP;533;3,1,2,4,0,3,;15
5;MetaTSP;533;0,3,1,2,4,0,;154
5;BruteForceTSP;533;0,3,1,2,4,0,;26
5;GreedyTSP;825;0,1,4,2,3,0,;33
5;RandomGreedyTSP;1005;1,0,2,4,3,1,;30
5;MetaTSP;825;0,1,4,2,3,0,;236
5;BruteForceTSP;786;0,2,1,4,3,0,;46
5;GreedyTSP;809;0,4,3,1,2,0,;48
5;RandomGreedyTSP;845;4,0,1,2,3,4,;29
5;MetaTSP;809;0,4,3,1,2,0,;207
5;BruteForceTSP;809;0,4,3,1,2,0,;38
5;GreedyTSP;0;0,0,1,3,2,0,;42
5;RandomGreedyTSP;824;3,1,0,0,4,3,;22
5;MetaTSP;0;0,2,1,3,4,0,;174
5;BruteForceTSP;0;-842150451,-842150451,-842150451,-842150451,-842150451,-842150451,;62
5;GreedyTSP;0;0,4,0,1,3,0,;18
5;RandomGreedyTSP;917;1,0,4,0,2,1,;12
5;MetaTSP;0;0,3,2,1,4,0,;150
5;BruteForceTSP;0;-842150451,-842150451,-842150451,-842150451,-842150451,-842150451,;14
5;GreedyTSP;0;0,3,4,0,1,0,;37
5;RandomGreedyTSP;967;0,3,4,0,1,0,;21
5;MetaTSP;696;0,1,2,4,3,0,;201
5;BruteForceTSP;584;0,1,4,3,2,0,;39
5;GreedyTSP;742;0,3,2,4,1,0,;36
5;RandomGreedyTSP;742;2,4,1,0,3,2,;35
5;MetaTSP;742;0,3,2,4,1,0,;342
5;BruteForceTSP;742;0,3,2,4,1,0,;32
5;GreedyTSP;0;0,2,1,3,0,0,;29
5;RandomGreedyTSP;651;0,2,1,3,0,0,;27
5;MetaTSP;0;0,1,2,3,4,0,;218
5;BruteForceTSP;774;0,2,1,4,3,0,;36
5;GreedyTSP;819;0,4,3,1,2,0,;35
5;RandomGreedyTSP;762;4,3,1,0,2,4,;34
5;MetaTSP;819;0,4,3,1,2,0,;205
5;BruteForceTSP;819;0,4,3,1,2,0,;34
5;GreedyTSP;0;0,3,2,1,0,0,;43
5;RandomGreedyTSP;739;1,0,3,2,4,1,;23
5;MetaTSP;0;0,2,3,1,4,0,;190
5;BruteForceTSP;739;0,3,2,4,1,0,;36
5;GreedyTSP;831;0,2,1,4,3,0,;35
5;RandomGreedyTSP;793;2,0,4,3,1,2,;33
5;MetaTSP;814;0,1,2,4,3,0,;248
5;BruteForceTSP;793;0,4,3,1,2,0,;63
5;GreedyTSP;1009;0,4,3,2,1,0,;29
5;RandomGreedyTSP;1084;3,2,0,4,1,3,;35
5;MetaTSP;966;0,4,3,1,2,0,;220
5;BruteForceTSP;854;0,1,4,3,2,0,;49
5;GreedyTSP;770;0,3,2,4,1,0,;35
5;RandomGreedyTSP;955;2,0,3,4,1,2,;33
5;MetaTSP;763;0,3,4,2,1,0,;158
5;BruteForceTSP;763;0,3,4,2,1,0,;30
5;GreedyTSP;948;0,1,3,2,4,0,;28
5;RandomGreedyTSP;948;0,1,3,2,4,0,;35
5;MetaTSP;690;0,4,3,2,1,0,;229
5;BruteForceTSP;690;0,4,3,2,1,0,;35
5;GreedyTSP;760;0,2,4,1,3,0,;31
5;RandomGreedyTSP;1161;1,0,2,4,3,1,;36
5;MetaTSP;760;0,2,4,1,3,0,;212
5;BruteForceTSP;760;0,2,4,1,3,0,;30
5;GreedyTSP;869;0,1,2,4,3,0,;54
5;RandomGreedyTSP;869;0,1,2,4,3,0,;46
5;MetaTSP;869;0,1,2,4,3,0,;209
5;BruteForceTSP;869;0,1,2,4,3,0,;32
5;GreedyTSP;875;0,2,4,1,3,0,;22
5;RandomGreedyTSP;875;0,2,4,1,3,0,;30
5;MetaTSP;0;0,2,4,1,3,0,;195
5;BruteForceTSP;559;0,2,3,4,1,0,;242
5;GreedyTSP;765;0,2,1,4,3,0,;30
5;RandomGreedyTSP;924;1,2,4,3,0,1,;29
5;MetaTSP;765;0,2,1,4,3,0,;197
5;BruteForceTSP;715;0,2,4,3,1,0,;33
6;GreedyTSP;0;0,0,1,3,5,4,0,;30
6;RandomGreedyTSP;753;3,5,4,0,1,2,3,;23
6;MetaTSP;0;0,2,1,3,4,5,0,;160
6;BruteForceTSP;0;-842150451,-842150451,-842150451,-842150451,-842150451,-842150451,-842150451,;22
6;GreedyTSP;885;0,4,1,3,5,2,0,;41
6;RandomGreedyTSP;767;2,5,4,1,3,0,2,;35
6;MetaTSP;885;0,4,1,3,5,2,0,;225
6;BruteForceTSP;885;0,4,1,3,5,2,0,;45
6;GreedyTSP;1213;0,2,3,1,5,4,0,;32
6;RandomGreedyTSP;1290;1,5,3,2,4,0,1,;32
6;MetaTSP;978;0,2,4,1,5,3,0,;241
6;BruteForceTSP;978;0,2,4,1,5,3,0,;106
6;GreedyTSP;704;0,2,1,4,5,3,0,;37
6;RandomGreedyTSP;854;4,1,3,0,2,5,4,;32
6;MetaTSP;704;0,2,1,4,5,3,0,;152
6;BruteForceTSP;704;0,2,1,4,5,3,0,;55
6;GreedyTSP;1038;0,1,2,3,5,4,0,;37
6;RandomGreedyTSP;1050;4,1,0,0,2,3,4,;38
6;MetaTSP;1038;0,1,2,3,5,4,0,;207
6;BruteForceTSP;1038;0,1,2,3,5,4,0,;34
6;GreedyTSP;864;0,5,3,2,1,4,0,;46
6;RandomGreedyTSP;755;3,2,5,4,1,0,3,;38
6;MetaTSP;659;0,5,3,2,4,1,0,;210
6;BruteForceTSP;659;0,5,3,2,4,1,0,;41
6;GreedyTSP;1061;0,4,2,3,5,1,0,;40
6;RandomGreedyTSP;985;5,1,4,0,3,2,5,;36
6;MetaTSP;1061;0,4,2,3,5,1,0,;237
6;BruteForceTSP;1061;0,4,2,3,5,1,0,;39
6;GreedyTSP;899;0,5,2,3,4,1,0,;29
6;RandomGreedyTSP;909;2,3,0,5,4,1,2,;36
6;MetaTSP;799;0,5,2,4,1,3,0,;226
6;BruteForceTSP;799;0,5,2,4,1,3,0,;111
6;GreedyTSP;0;0,0,3,1,5,2,0,;38
6;RandomGreedyTSP;1182;2,5,3,1,4,0,2,;27
6;MetaTSP;0;0,2,3,1,4,5,0,;163
6;BruteForceTSP;0;-842150451,-842150451,-842150451,-842150451,-842150451,-842150451,-842150451,;23
6;GreedyTSP;1113;0,4,2,1,5,3,0,;30
6;RandomGreedyTSP;1245;5,0,4,2,1,3,5,;37
6;MetaTSP;837;0,4,3,1,2,5,0,;234
6;BruteForceTSP;837;0,4,3,1,2,5,0,;92
6;GreedyTSP;803;0,2,1,4,5,3,0,;43
6;RandomGreedyTSP;918;4,5,0,2,1,3,4,;37
6;MetaTSP;793;0,2,1,4,3,5,0,;209
6;BruteForceTSP;793;0,2,1,4,3,5,0,;37
6;GreedyTSP;762;0,1,4,2,5,3,0,;30
6;RandomGreedyTSP;672;5,3,2,4,0,1,5,;34
6;MetaTSP;762;0,1,4,2,5,3,0,;242
6;BruteForceTSP;645;0,1,4,5,3,2,0,;110
6;GreedyTSP;1251;0,3,1,4,5,2,0,;32
6;RandomGreedyTSP;1067;5,2,1,0,3,4,5,;33
6;MetaTSP;877;0,2,1,3,5,4,0,;275
6;BruteForceTSP;720;0,4,3,5,2,1,0,;193
6;GreedyTSP;1163;0,5,3,2,1,4,0,;36
6;RandomGreedyTSP;1163;0,5,3,2,1,4,0,;35
6;MetaTSP;769;0,4,1,2,3,5,0,;240
6;BruteForceTSP;769;0,4,1,2,3,5,0,;112
6;GreedyTSP;1023;0,4,3,2,1,5,0,;33
6;RandomGreedyTSP;1023;0,4,3,2,1,5,0,;28
6;MetaTSP;834;0,4,5,2,1,3,0,;210
6;BruteForceTSP;807;0,1,4,5,2,3,0,;121
6;GreedyTSP;500;0,5,3,2,1,4,0,;45
6;RandomGreedyTSP;500;1,4,0,5,3,2,1,;39
6;MetaTSP;500;0,5,3,2,1,4,0,;281
6;BruteForceTSP;500;0,5,3,2,1,4,0,;103
6;GreedyTSP;617;0,5,2,4,1,3,0,;50
6;RandomGreedyTSP;617;0,5,2,4,1,3,0,;40
6;MetaTSP;617;0,5,2,4,1,3,0,;222
6;BruteForceTSP;617;0,5,2,4,1,3,0,;79
6;GreedyTSP;586;0,5,4,2,1,3,0,;42
6;RandomGreedyTSP;651;5,0,4,2,1,3,5,;47
6;MetaTSP;586;0,5,4,2,1,3,0,;303
6;BruteForceTSP;586;0,5,4,2,1,3,0,;102
6;GreedyTSP;1020;0,2,4,5,3,1,0,;41
6;RandomGreedyTSP;1169;4,2,5,3,1,0,4,;28
6;MetaTSP;1020;0,2,4,5,3,1,0,;207
6;BruteForceTSP;917;0,4,5,3,1,2,0,;93
6;GreedyTSP;0;0,4,0,1,2,5,0,;41
6;RandomGreedyTSP;819;1,0,4,0,3,2,1,;32
6;MetaTSP;0;0,4,1,3,2,5,0,;170
6;BruteForceTSP;0;-842150451,-842150451,-842150451,-842150451,-842150451,-842150451,-842150451,;22
6;GreedyTSP;737;0,2,4,5,1,3,0,;38
6;RandomGreedyTSP;908;1,2,4,5,0,3,1,;31
6;MetaTSP;737;0,2,4,5,1,3,0,;203
6;BruteForceTSP;737;0,2,4,5,1,3,0,;66
6;GreedyTSP;0;0,0,1,4,2,5,0,;37
6;RandomGreedyTSP;1100;4,2,1,0,3,5,4,;27
6;MetaTSP;0;0,1,4,3,2,5,0,;173
6;BruteForceTSP;0;-842150451,-842150451,-842150451,-842150451,-842150451,-842150451,-842150451,;27
6;GreedyTSP;0;0,0,1,4,2,5,0,;40
6;RandomGreedyTSP;1022;5,0,1,4,2,3,5,;27
6;MetaTSP;0;0,4,3,1,2,5,0,;184
6;BruteForceTSP;0;-842150451,-842150451,-842150451,-842150451,-842150451,-842150451,-842150451,;23
6;GreedyTSP;0;0,0,1,4,2,5,0,;65
6;RandomGreedyTSP;755;3,0,0,1,4,2,3,;540
6;MetaTSP;0;0,3,1,2,4,5,0,;175
6;BruteForceTSP;0;-842150451,-842150451,-842150451,-842150451,-842150451,-842150451,-842150451,;35
6;GreedyTSP;0;0,0,1,4,2,5,0,;46
6;RandomGreedyTSP;755;3,0,0,1,4,2,3,;18
6;MetaTSP;0;0,4,3,1,2,5,0,;148
6;BruteForceTSP;0;-842150451,-842150451,-842150451,-842150451,-842150451,-842150451,-842150451,;28
6;GreedyTSP;0;0,0,1,4,2,5,0,;42
6;RandomGreedyTSP;755;3,0,0,1,4,2,3,;58
6;MetaTSP;0;0,4,2,1,3,5,0,;332
6;BruteForceTSP;0;-842150451,-842150451,-842150451,-842150451,-842150451,-842150451,-842150451,;37
6;GreedyTSP;0;0,0,1,4,2,5,0,;56
6;RandomGreedyTSP;734;0,0,1,4,2,5,0,;51
6;MetaTSP;0;0,2,4,1,3,5,0,;169
6;BruteForceTSP;0;-842150451,-842150451,-842150451,-842150451,-842150451,-842150451,-842150451,;23
6;GreedyTSP;0;0,0,1,4,2,5,0,;37
6;RandomGreedyTSP;734;0,0,1,4,2,5,0,;29
6;MetaTSP;0;0,4,2,3,1,5,0,;167
6;BruteForceTSP;0;-842150451,-842150451,-842150451,-842150451,-842150451,-842150451,-842150451,;24
6;GreedyTSP;0;0,0,1,4,2,5,0,;41
6;RandomGreedyTSP;1022;5,0,1,4,2,3,5,;24
6;MetaTSP;0;0,4,3,2,1,5,0,;160
6;BruteForceTSP;0;-842150451,-842150451,-842150451,-842150451,-842150451,-842150451,-842150451,;30
6;GreedyTSP;0;0,0,1,4,2,5,0,;30
6;RandomGreedyTSP;1100;4,2,1,0,3,5,4,;24
6;MetaTSP;0;0,1,3,4,2,5,0,;176
6;BruteForceTSP;0;-842150451,-842150451,-842150451,-842150451,-842150451,-842150451,-842150451,;257
6;GreedyTSP;0;0,0,1,4,2,5,0,;46
6;RandomGreedyTSP;962;1,0,2,5,3,0,1,;19
6;MetaTSP;0;0,1,2,4,3,5,0,;143
6;BruteForceTSP;0;-842150451,-842150451,-842150451,-842150451,-842150451,-842150451,-842150451,;45
6;GreedyTSP;0;0,0,1,4,2,5,0,;75
6;RandomGreedyTSP;981;2,1,0,4,3,0,2,;35
6;MetaTSP;0;0,4,1,2,3,5,0,;151
6;BruteForceTSP;0;-842150451,-842150451,-842150451,-842150451,-842150451,-842150451,-842150451,;20
6;GreedyTSP;0;0,0,1,4,2,5,0,;35
6;RandomGreedyTSP;981;2,1,0,4,3,0,2,;25
6;MetaTSP;0;0,1,2,4,3,5,0,;175
6;BruteForceTSP;0;-842150451,-842150451,-842150451,-842150451,-842150451,-842150451,-842150451,;23
6;GreedyTSP;0;0,0,1,4,2,5,0,;35
6;RandomGreedyTSP;755;3,0,0,1,4,2,3,;25
6;MetaTSP;0;0,2,4,1,3,5,0,;156
6;BruteForceTSP;0;-842150451,-842150451,-842150451,-842150451,-842150451,-842150451,-842150451,;21
6;GreedyTSP;0;0,0,1,4,2,5,0,;36
6;RandomGreedyTSP;1022;5,0,1,4,2,3,5,;21
6;MetaTSP;0;0,2,3,1,4,5,0,;179
6;BruteForceTSP;0;-842150451,-842150451,-842150451,-842150451,-842150451,-842150451,-842150451,;26
6;GreedyTSP;0;0,0,1,4,2,5,0,;43
6;RandomGreedyTSP;962;1,0,2,5,3,0,1,;28
6;MetaTSP;0;0,2,4,1,3,5,0,;173
6;BruteForceTSP;0;-842150451,-842150451,-842150451,-842150451,-842150451,-842150451,-842150451,;27
6;GreedyTSP;0;0,0,1,4,2,5,0,;37
6;RandomGreedyTSP;734;0,0,1,4,2,5,0,;25
6;MetaTSP;0;0,2,3,4,1,5,0,;156
6;BruteForceTSP;0;-842150451,-842150451,-842150451,-842150451,-842150451,-842150451,-842150451,;36
6;GreedyTSP;0;0,0,1,4,2,5,0,;45
6;RandomGreedyTSP;1100;4,2,1,0,3,5,4,;30
6;MetaTSP;0;0,2,4,3,1,5,0,;179
6;BruteForceTSP;0;-842150451,-842150451,-842150451,-842150451,-842150451,-842150451,-842150451,;25
6;GreedyTSP;0;0,0,1,4,2,5,0,;32
6;RandomGreedyTSP;981;2,1,0,4,3,0,2,;30
6;MetaTSP;0;0,2,3,1,4,5,0,;166
6;BruteForceTSP;0;-842150451,-842150451,-842150451,-842150451,-842150451,-842150451,-842150451,;23
6;GreedyTSP;0;0,0,1,4,2,5,0,;36
6;RandomGreedyTSP;1022;5,0,1,4,2,3,5,;25
6;MetaTSP;0;0,4,1,2,3,5,0,;189
6;BruteForceTSP;0;-842150451,-842150451,-842150451,-842150451,-842150451,-842150451,-842150451,;50
6;GreedyTSP;0;0,0,1,4,2,5,0,;38
6;RandomGreedyTSP;962;1,0,2,5,3,0,1,;29
6;MetaTSP;0;0,3,2,1,4,5,0,;154
6;BruteForceTSP;0;-842150451,-842150451,-842150451,-842150451,-842150451,-842150451,-842150451,;23
6;GreedyTSP;0;0,0,1,4,2,5,0,;28
6;RandomGreedyTSP;734;0,0,1,4,2,5,0,;24
6;MetaTSP;0;0,1,2,3,4,5,0,;171
6;BruteForceTSP;0;-842150451,-842150451,-842150451,-842150451,-842150451,-842150451,-842150451,;22
6;GreedyTSP;0;0,0,1,4,2,5,0,;57
6;RandomGreedyTSP;755;3,0,0,1,4,2,3,;24
6;MetaTSP;0;0,1,4,3,2,5,0,;162
6;BruteForceTSP;0;-842150451,-842150451,-842150451,-842150451,-842150451,-842150451,-842150451,;23
6;GreedyTSP;0;0,0,1,4,2,5,0,;32
6;RandomGreedyTSP;1100;4,2,1,0,3,5,4,;28
6;MetaTSP;0;0,1,2,4,3,5,0,;179
6;BruteForceTSP;0;-842150451,-842150451,-842150451,-842150451,-842150451,-842150451,-842150451,;24
6;GreedyTSP;0;0,0,1,4,2,5,0,;32
6;RandomGreedyTSP;1100;4,2,1,0,3,5,4,;23
6;MetaTSP;0;0,1,2,4,3,5,0,;160
6;BruteForceTSP;0;-842150451,-842150451,-842150451,-842150451,-842150451,-842150451,-842150451,;22
6;GreedyTSP;0;0,0,1,4,2,5,0,;37
6;RandomGreedyTSP;962;1,0,2,5,3,0,1,;33
6;MetaTSP;0;0,4,3,2,1,5,0,;172
6;BruteForceTSP;0;-842150451,-842150451,-842150451,-842150451,-842150451,-842150451,-842150451,;32
6;GreedyTSP;0;0,0,1,4,2,5,0,;45
6;RandomGreedyTSP;734;0,0,1,4,2,5,0,;26
6;MetaTSP;0;0,1,3,4,2,5,0,;169
6;BruteForceTSP;0;-842150451,-842150451,-842150451,-842150451,-842150451,-842150451,-842150451,;23
6;GreedyTSP;0;0,0,1,4,2,5,0,;43
6;RandomGreedyTSP;734;0,0,1,4,2,5,0,;48
6;MetaTSP;0;0,2,4,3,1,5,0,;172
6;BruteForceTSP;0;-842150451,-842150451,-842150451,-842150451,-842150451,-842150451,-842150451,;23
6;GreedyTSP;0;0,0,1,4,2,5,0,;36
6;RandomGreedyTSP;734;0,0,1,4,2,5,0,;25
6;MetaTSP;0;0,2,3,4,1,5,0,;150
6;BruteForceTSP;0;-842150451,-842150451,-842150451,-842150451,-842150451,-842150451,-842150451,;21
6;GreedyTSP;0;0,0,1,4,2,5,0,;33
6;RandomGreedyTSP;962;1,0,2,5,3,0,1,;28
6;MetaTSP;0;0,1,2,3,4,5,0,;554
6;BruteForceTSP;0;-842150451,-842150451,-842150451,-842150451,-842150451,-842150451,-842150451,;59
6;GreedyTSP;0;0,0,1,4,2,5,0,;36
6;RandomGreedyTSP;981;2,1,0,4,3,0,2,;25
6;MetaTSP;0;0,4,3,2,1,5,0,;158
6;BruteForceTSP;0;-842150451,-842150451,-842150451,-842150451,-842150451,-842150451,-842150451,;69
6;GreedyTSP;0;0,0,1,4,2,5,0,;36
6;RandomGreedyTSP;1022;5,0,1,4,2,3,5,;23
6;MetaTSP;0;0,1,3,4,2,5,0,;184
6;BruteForceTSP;0;-842150451,-842150451,-842150451,-842150451,-842150451,-842150451,-842150451,;22
6;GreedyTSP;0;0,0,1,4,2,5,0,;28
6;RandomGreedyTSP;962;1,0,2,5,3,0,1,;22
6;MetaTSP;0;0,1,4,2,3,5,0,;172
6;BruteForceTSP;0;-842150451,-842150451,-842150451,-842150451,-842150451,-842150451,-842150451,;22
6;GreedyTSP;0;0,0,1,4,2,5,0,;37
6;RandomGreedyTSP;734;0,0,1,4,2,5,0,;25
6;MetaTSP;0;0,4,1,2,3,5,0,;159
6;BruteForceTSP;0;-842150451,-842150451,-842150451,-842150451,-842150451,-842150451,-842150451,;24
6;GreedyTSP;0;0,0,1,4,2,5,0,;23
6;RandomGreedyTSP;962;1,0,2,5,3,0,1,;22
6;MetaTSP;0;0,1,3,2,4,5,0,;164
6;BruteForceTSP;0;-842150451,-842150451,-842150451,-842150451,-842150451,-842150451,-842150451,;23
6;GreedyTSP;0;0,0,1,4,2,5,0,;33
6;RandomGreedyTSP;962;1,0,2,5,3,0,1,;28
6;MetaTSP;0;0,1,2,4,3,5,0,;153
6;BruteForceTSP;0;-842150451,-842150451,-842150451,-842150451,-842150451,-842150451,-842150451,;24
6;GreedyTSP;0;0,0,1,4,2,5,0,;38
6;RandomGreedyTSP;1022;5,0,1,4,2,3,5,;20
6;MetaTSP;0;0,3,2,4,1,5,0,;152
6;BruteForceTSP;0;-842150451,-842150451,-842150451,-842150451,-842150451,-842150451,-842150451,;22
6;GreedyTSP;0;0,0,1,4,2,5,0,;32
6;RandomGreedyTSP;1022;5,0,1,4,2,3,5,;22
6;MetaTSP;0;0,1,3,4,2,5,0,;169
6;BruteForceTSP;0;-842150451,-842150451,-842150451,-842150451,-842150451,-842150451,-842150451,;23
6;GreedyTSP;0;0,0,1,4,2,5,0,;27
6;RandomGreedyTSP;962;1,0,2,5,3,0,1,;23
6;MetaTSP;0;0,3,4,1,2,5,0,;156
6;BruteForceTSP;0;-842150451,-842150451,-842150451,-842150451,-842150451,-842150451,-842150451,;60
6;GreedyTSP;0;0,0,1,4,2,5,0,;33
6;RandomGreedyTSP;734;0,0,1,4,2,5,0,;22
6;MetaTSP;0;0,4,1,3,2,5,0,;164
6;BruteForceTSP;0;-842150451,-842150451,-842150451,-842150451,-842150451,-842150451,-842150451,;22
6;GreedyTSP;0;0,0,1,4,2,5,0,;33
6;RandomGreedyTSP;755;3,0,0,1,4,2,3,;23
6;MetaTSP;0;0,3,1,2,4,5,0,;187
6;BruteForceTSP;0;-842150451,-842150451,-842150451,-842150451,-842150451,-842150451,-842150451,;23
6;GreedyTSP;0;0,0,1,4,2,5,0,;39
6;RandomGreedyTSP;981;2,1,0,4,3,0,2,;24
6;MetaTSP;0;0,4,1,3,2,5,0,;177
6;BruteForceTSP;0;-842150451,-842150451,-842150451,-842150451,-842150451,-842150451,-842150451,;23
6;GreedyTSP;0;0,0,1,4,2,5,0,;54
6;RandomGreedyTSP;734;0,0,1,4,2,5,0,;19
6;MetaTSP;0;0,3,1,2,4,5,0,;172
6;BruteForceTSP;0;-842150451,-842150451,-842150451,-842150451,-842150451,-842150451,-842150451,;20
6;GreedyTSP;0;0,0,1,4,2,5,0,;43
6;RandomGreedyTSP;981;2,1,0,4,3,0,2,;29
6;MetaTSP;0;0,4,3,1,2,5,0,;178
6;BruteForceTSP;0;-842150451,-842150451,-842150451,-842150451,-842150451,-842150451,-842150451,;33
6;GreedyTSP;0;0,0,1,4,2,5,0,;37
6;RandomGreedyTSP;962;1,0,2,5,3,0,1,;26
6;MetaTSP;0;0,2,1,3,4,5,0,;166
6;BruteForceTSP;0;-842150451,-842150451,-842150451,-842150451,-842150451,-842150451,-842150451,;24
6;GreedyTSP;0;0,0,1,4,2,5,0,;25
6;RandomGreedyTSP;981;2,1,0,4,3,0,2,;22
6;MetaTSP;0;0,2,3,4,1,5,0,;194
6;BruteForceTSP;0;-842150451,-842150451,-842150451,-842150451,-842150451,-842150451,-842150451,;25
6;GreedyTSP;0;0,0,1,4,2,5,0,;31
6;RandomGreedyTSP;1022;5,0,1,4,2,3,5,;24
6;MetaTSP;0;0,3,1,4,2,5,0,;164
6;BruteForceTSP;0;-842150451,-842150451,-842150451,-842150451,-842150451,-842150451,-842150451,;45
6;GreedyTSP;0;0,0,1,4,2,5,0,;42
6;RandomGreedyTSP;755;3,0,0,1,4,2,3,;29
6;MetaTSP;0;0,1,3,4,2,5,0,;153
6;BruteForceTSP;0;-842150451,-842150451,-842150451,-842150451,-842150451,-842150451,-842150451,;24
6;GreedyTSP;0;0,0,1,4,2,5,0,;45
6;RandomGreedyTSP;1022;5,0,1,4,2,3,5,;37
6;MetaTSP;0;0,2,3,1,4,5,0,;189
6;BruteForceTSP;0;-842150451,-842150451,-842150451,-842150451,-842150451,-842150451,-842150451,;38
6;GreedyTSP;0;0,0,1,4,2,5,0,;44
6;RandomGreedyTSP;755;3,0,0,1,4,2,3,;28
6;MetaTSP;0;0,2,3,1,4,5,0,;184
6;BruteForceTSP;0;-842150451,-842150451,-842150451,-842150451,-842150451,-842150451,-842150451,;34
6;GreedyTSP;0;0,0,1,4,2,5,0,;49
6;RandomGreedyTSP;1022;5,0,1,4,2,3,5,;23
6;MetaTSP;0;0,2,4,1,3,5,0,;160
6;BruteForceTSP;0;-842150451,-842150451,-842150451,-842150451,-842150451,-842150451,-842150451,;57
6;GreedyTSP;0;0,0,1,4,2,5,0,;36
6;RandomGreedyTSP;981;2,1,0,4,3,0,2,;20
6;MetaTSP;0;0,4,1,3,2,5,0,;149
6;BruteForceTSP;0;-842150451,-842150451,-842150451,-842150451,-842150451,-842150451,-842150451,;211
6;GreedyTSP;0;0,0,1,4,2,5,0,;93
6;RandomGreedyTSP;1100;4,2,1,0,3,5,4,;58
6;MetaTSP;0;0,1,2,3,4,5,0,;173
6;BruteForceTSP;0;-842150451,-842150451,-842150451,-842150451,-842150451,-842150451,-842150451,;25
6;GreedyTSP;0;0,0,1,4,2,5,0,;38
6;RandomGreedyTSP;1100;4,2,1,0,3,5,4,;25
6;MetaTSP;0;0,1,2,3,4,5,0,;157
6;BruteForceTSP;0;-842150451,-842150451,-842150451,-842150451,-842150451,-842150451,-842150451,;23
6;GreedyTSP;0;0,0,1,4,2,5,0,;37
6;RandomGreedyTSP;981;2,1,0,4,3,0,2,;53
6;MetaTSP;0;0,1,2,4,3,5,0,;179
6;BruteForceTSP;0;-842150451,-842150451,-842150451,-842150451,-842150451,-842150451,-842150451,;23
6;GreedyTSP;0;0,0,1,4,2,5,0,;29
6;RandomGreedyTSP;962;1,0,2,5,3,0,1,;32
6;MetaTSP;0;0,3,1,4,2,5,0,;163
6;BruteForceTSP;0;-842150451,-842150451,-842150451,-842150451,-842150451,-842150451,-842150451,;22
6;GreedyTSP;0;0,0,1,4,2,5,0,;30
6;RandomGreedyTSP;1100;4,2,1,0,3,5,4,;23
6;MetaTSP;0;0,2,3,1,4,5,0,;185
6;BruteForceTSP;0;-842150451,-842150451,-842150451,-842150451,-842150451,-842150451,-842150451,;21
6;GreedyTSP;0;0,0,1,4,2,5,0,;32
6;RandomGreedyTSP;1022;5,0,1,4,2,3,5,;25
6;MetaTSP;0;0,4,2,3,1,5,0,;174
6;BruteForceTSP;0;-842150451,-842150451,-842150451,-842150451,-842150451,-842150451,-842150451,;30
6;GreedyTSP;0;0,0,1,4,2,5,0,;32
6;RandomGreedyTSP;1100;4,2,1,0,3,5,4,;26
6;MetaTSP;0;0,1,4,3,2,5,0,;166
6;BruteForceTSP;0;-842150451,-842150451,-842150451,-842150451,-842150451,-842150451,-842150451,;24
6;GreedyTSP;0;0,0,1,4,2,5,0,;57
6;RandomGreedyTSP;1022;5,0,1,4,2,3,5,;28
6;MetaTSP;0;0,3,2,4,1,5,0,;160
6;BruteForceTSP;0;-842150451,-842150451,-842150451,-842150451,-842150451,-842150451,-842150451,;24
6;GreedyTSP;0;0,0,1,4,2,5,0,;45
6;RandomGreedyTSP;734;0,0,1,4,2,5,0,;25
6;MetaTSP;0;0,3,2,1,4,5,0,;160
6;BruteForceTSP;0;-842150451,-842150451,-842150451,-842150451,-842150451,-842150451,-842150451,;23
6;GreedyTSP;0;0,0,1,4,2,5,0,;42
6;RandomGreedyTSP;1100;4,2,1,0,3,5,4,;28
6;MetaTSP;0;0,3,1,2,4,5,0,;164
6;BruteForceTSP;0;-842150451,-842150451,-842150451,-842150451,-842150451,-842150451,-842150451,;25
6;GreedyTSP;0;0,0,1,4,2,5,0,;43
6;RandomGreedyTSP;755;3,0,0,1,4,2,3,;26
6;MetaTSP;0;0,2,4,1,3,5,0,;165
6;BruteForceTSP;0;-842150451,-842150451,-842150451,-842150451,-842150451,-842150451,-842150451,;25
6;GreedyTSP;0;0,0,1,4,2,5,0,;32
6;RandomGreedyTSP;1022;5,0,1,4,2,3,5,;22
6;MetaTSP;0;0,2,3,4,1,5,0,;180
6;BruteForceTSP;0;-842150451,-842150451,-842150451,-842150451,-842150451,-842150451,-842150451,;22
6;GreedyTSP;0;0,0,1,4,2,5,0,;37
6;RandomGreedyTSP;1100;4,2,1,0,3,5,4,;22
6;MetaTSP;0;0,1,2,3,4,5,0,;202
6;BruteForceTSP;0;-842150451,-842150451,-842150451,-842150451,-842150451,-842150451,-842150451,;22
6;GreedyTSP;0;0,0,1,4,2,5,0,;27
6;RandomGreedyTSP;1022;5,0,1,4,2,3,5,;21
6;MetaTSP;0;0,3,4,2,1,5,0,;163
6;BruteForceTSP;0;-842150451,-842150451,-842150451,-842150451,-842150451,-842150451,-842150451,;21
6;GreedyTSP;0;0,0,1,4,2,5,0,;44
6;RandomGreedyTSP;981;2,1,0,4,3,0,2,;25
6;MetaTSP;0;0,1,3,4,2,5,0,;171
6;BruteForceTSP;0;-842150451,-842150451,-842150451,-842150451,-842150451,-842150451,-842150451,;39
6;GreedyTSP;0;0,0,1,4,2,5,0,;34
6;RandomGreedyTSP;981;2,1,0,4,3,0,2,;23
6;MetaTSP;0;0,2,1,3,4,5,0,;178
6;BruteForceTSP;0;-842150451,-842150451,-842150451,-842150451,-842150451,-842150451,-842150451,;26
6;GreedyTSP;0;0,0,1,4,2,5,0,;63
6;RandomGreedyTSP;962;1,0,2,5,3,0,1,;27
6;MetaTSP;0;0,3,1,4,2,5,0,;156
6;BruteForceTSP;0;-842150451,-842150451,-842150451,-842150451,-842150451,-842150451,-842150451,;23
8;GreedyTSP;1177;0,1,5,2,4,7,3,6,0,;40
8;RandomGreedyTSP;1177;0,1,5,2,4,7,3,6,0,;37
8;MetaTSP;1177;0,1,5,2,4,7,3,6,0,;241
8;BruteForceTSP;915;0,1,5,2,7,3,6,4,0,;1282
9;GreedyTSP;949;0,4,3,7,5,1,2,8,6,0,;48
9;RandomGreedyTSP;1129;2,8,4,3,7,5,1,6,0,2,;42
9;MetaTSP;949;0,4,3,7,5,1,2,8,6,0,;288
9;BruteForceTSP;947;0,6,5,1,2,8,4,3,7,0,;11048
9;GreedyTSP;1450;0,5,4,7,3,8,1,6,2,0,;45
9;RandomGreedyTSP;1450;0,5,4,7,3,8,1,6,2,0,;40
9;MetaTSP;1304;0,5,8,3,6,2,1,7,4,0,;286
9;BruteForceTSP;1102;0,2,4,7,1,5,6,8,3,0,;8019
9;GreedyTSP;1290;0,6,2,3,5,7,8,4,1,0,;39
9;RandomGreedyTSP;1178;4,6,2,3,5,7,8,0,1,4,;44
9;MetaTSP;1250;0,6,1,3,5,7,8,4,2,0,;276
9;BruteForceTSP;1036;0,6,2,3,5,7,8,1,4,0,;6674
9;GreedyTSP;1111;0,8,4,1,6,2,7,5,3,0,;40
9;RandomGreedyTSP;1111;0,8,4,1,6,2,7,5,3,0,;44
9;MetaTSP;1111;0,8,4,1,6,2,7,5,3,0,;263
9;BruteForceTSP;1111;0,8,4,1,6,2,7,5,3,0,;8231
9;GreedyTSP;1338;0,5,1,8,6,7,3,4,2,0,;44
9;RandomGreedyTSP;1562;5,1,8,6,7,0,4,3,2,5,;45
9;MetaTSP;998;0,5,1,8,6,7,2,4,3,0,;242
9;BruteForceTSP;996;0,5,1,2,4,3,8,6,7,0,;979
9;GreedyTSP;1698;0,3,4,2,8,7,5,1,6,0,;192
9;RandomGreedyTSP;1185;7,2,4,1,5,8,3,6,0,7,;62
9;MetaTSP;1381;0,3,4,1,7,2,6,8,5,0,;267
9;BruteForceTSP;1094;0,3,6,8,7,2,4,1,5,0,;8147
9;GreedyTSP;1509;0,8,5,3,7,1,4,6,2,0,;67
9;RandomGreedyTSP;1286;4,8,5,3,7,1,0,2,6,4,;45
9;MetaTSP;1082;0,2,5,3,4,1,7,6,8,0,;263
9;BruteForceTSP;1071;0,2,5,3,4,8,1,7,6,0,;4914
9;GreedyTSP;1172;0,4,1,8,7,3,6,5,2,0,;59
9;RandomGreedyTSP;945;8,1,0,4,3,6,5,2,7,8,;41
9;MetaTSP;1172;0,4,1,8,7,3,6,5,2,0,;255
9;BruteForceTSP;889;0,6,5,1,8,7,2,4,3,0,;5084
9;GreedyTSP;1431;0,1,5,6,8,7,2,4,3,0,;46
9;RandomGreedyTSP;1071;7,1,5,0,6,8,4,2,3,7,;70
9;MetaTSP;962;0,1,3,6,8,4,2,7,5,0,;196
9;BruteForceTSP;904;0,6,8,4,2,7,1,3,5,0,;4076
9;GreedyTSP;1240;0,8,7,2,5,6,4,3,1,0,;59
9;RandomGreedyTSP;1126;7,2,5,0,8,1,3,6,4,7,;42
9;MetaTSP;1240;0,8,7,2,5,6,4,3,1,0,;250
9;BruteForceTSP;1023;0,8,7,1,2,3,6,4,5,0,;5391
9;GreedyTSP;0;0,0,6,5,1,4,3,2,8,0,;49
9;RandomGreedyTSP;945;0,0,6,5,1,4,3,2,8,0,;33
9;MetaTSP;0;0,4,7,2,1,5,3,6,8,0,;164
9;BruteForceTSP;0;-842150451,-842150451,-842150451,-842150451,-842150451,-842150451,-842150451,-842150451,-842150451,-842150451,;23
9;GreedyTSP;1187;0,4,5,3,7,6,2,8,1,0,;52
9;RandomGreedyTSP;1481;3,5,7,6,2,8,1,4,0,3,;80
9;MetaTSP;1187;0,4,5,3,7,6,2,8,1,0,;327
9;BruteForceTSP;1072;0,4,5,2,8,1,3,7,6,0,;15011
9;GreedyTSP;0;0,0,8,1,2,7,3,6,4,0,;81
9;RandomGreedyTSP;1325;1,2,0,8,4,3,6,7,5,1,;46
9;MetaTSP;0;0,1,7,2,4,5,6,3,8,0,;173
9;BruteForceTSP;0;-842150451,-842150451,-842150451,-842150451,-842150451,-842150451,-842150451,-842150451,-842150451,-842150451,;37
9;GreedyTSP;1298;0,6,1,5,7,2,8,4,3,0,;59
9;RandomGreedyTSP;1341;4,6,0,5,7,1,2,8,3,4,;41
9;MetaTSP;1298;0,6,1,5,7,2,8,4,3,0,;296
9;BruteForceTSP;995;0,6,1,4,3,5,7,2,8,0,;16344
9;GreedyTSP;1394;0,4,8,7,1,3,5,6,2,0,;43
9;RandomGreedyTSP;1586;6,5,1,8,4,0,3,7,2,6,;46
9;MetaTSP;1258;0,2,8,7,1,3,5,6,4,0,;276
9;BruteForceTSP;1081;0,2,5,6,4,8,7,1,3,0,;10344
9;GreedyTSP;1364;0,5,2,7,4,1,3,6,8,0,;39
9;RandomGreedyTSP;1060;3,5,2,7,4,1,0,6,8,3,;26
9;MetaTSP;1364;0,5,2,7,4,1,3,6,8,0,;193
9;BruteForceTSP;935;0,6,8,5,2,7,4,1,3,0,;2338
9;GreedyTSP;1499;0,5,4,7,3,2,8,6,1,0,;31
9;RandomGreedyTSP;1375;6,8,0,5,4,7,3,2,1,6,;40
9;MetaTSP;1367;0,5,4,7,3,2,6,1,8,0,;257
9;BruteForceTSP;1102;0,5,4,1,7,3,2,6,8,0,;2630
9;GreedyTSP;1149;0,2,6,1,3,8,5,7,4,0,;46
9;RandomGreedyTSP;1313;5,8,2,6,1,3,0,4,7,5,;39
9;MetaTSP;1038;0,2,6,3,1,8,5,7,4,0,;284
9;BruteForceTSP;939;0,8,5,7,4,2,6,1,3,0,;4713
9;GreedyTSP;1485;0,4,7,3,1,5,6,8,2,0,;49
9;RandomGreedyTSP;1343;5,4,7,0,8,3,1,6,2,5,;42
9;MetaTSP;1046;0,4,7,3,1,5,2,8,6,0,;259
9;BruteForceTSP;816;0,8,4,7,3,1,5,2,6,0,;1856
9;GreedyTSP;1194;0,2,7,4,5,6,3,1,8,0,;44
9;RandomGreedyTSP;1164;6,7,4,5,1,0,2,3,8,6,;39
9;MetaTSP;1125;0,2,7,4,5,6,3,8,1,0,;354
9;BruteForceTSP;870;0,2,7,4,8,6,3,5,1,0,;617
9;GreedyTSP;876;0,7,1,5,4,6,8,3,2,0,;60
9;RandomGreedyTSP;1240;7,1,5,0,3,4,6,8,2,7,;41
9;MetaTSP;876;0,7,1,5,4,6,8,3,2,0,;211
9;BruteForceTSP;876;0,7,1,5,4,6,8,3,2,0,;755
9;GreedyTSP;1187;0,3,5,8,7,6,1,2,4,0,;53
9;RandomGreedyTSP;1063;2,4,3,5,8,7,6,0,1,2,;30
9;MetaTSP;1187;0,3,5,8,7,6,1,2,4,0,;376
9;BruteForceTSP;973;0,3,5,8,6,1,2,4,7,0,;5821
9;GreedyTSP;950;0,6,2,4,3,5,7,8,1,0,;56
9;RandomGreedyTSP;1449;8,2,4,0,6,7,5,3,1,8,;40
9;MetaTSP;950;0,6,2,4,3,5,7,8,1,0,;294
9;BruteForceTSP;950;0,6,2,4,3,5,7,8,1,0,;6972
9;GreedyTSP;1030;0,4,1,3,5,8,7,2,6,0,;58
9;RandomGreedyTSP;1490;3,5,8,7,4,1,6,0,2,3,;41
9;MetaTSP;1030;0,4,1,3,5,8,7,2,6,0,;235
9;BruteForceTSP;1030;0,4,1,3,5,8,7,2,6,0,;7106
9;GreedyTSP;1609;0,2,8,6,3,5,7,4,1,0,;53
9;RandomGreedyTSP;1135;2,0,4,5,8,6,3,1,7,2,;40
9;MetaTSP;1102;0,2,8,6,3,1,7,4,5,0,;228
9;BruteForceTSP;1047;0,4,5,7,8,6,3,1,2,0,;2175
9;GreedyTSP;1417;0,2,4,6,3,5,8,7,1,0,;53
9;RandomGreedyTSP;1378;2,4,6,3,5,8,7,0,1,2,;49
9;MetaTSP;1286;0,2,4,6,7,5,8,3,1,0,;260
9;BruteForceTSP;1048;0,2,7,5,8,3,1,4,6,0,;1327
9;GreedyTSP;1154;0,2,7,4,1,5,3,6,8,0,;36
9;RandomGreedyTSP;1534;5,3,6,4,2,7,0,8,1,5,;30
9;MetaTSP;1154;0,2,7,4,1,5,3,6,8,0,;167
9;BruteForceTSP;1079;0,3,5,8,2,7,6,4,1,0,;3462
9;GreedyTSP;1282;0,2,3,6,1,8,4,7,5,0,;54
9;RandomGreedyTSP;1314;1,8,4,6,7,0,2,3,5,1,;39
9;MetaTSP;1198;0,5,3,6,1,8,4,2,7,0,;182
9;BruteForceTSP;1073;0,2,3,6,7,1,5,8,4,0,;5390
9;GreedyTSP;1170;0,5,3,8,4,2,7,6,1,0,;56
9;RandomGreedyTSP;1136;4,2,0,5,3,8,1,7,6,4,;38
9;MetaTSP;1100;0,5,3,8,4,1,7,6,2,0,;316
9;BruteForceTSP;993;0,5,1,7,6,3,8,4,2,0,;5857
9;GreedyTSP;1202;0,1,8,5,6,3,2,7,4,0,;37
9;RandomGreedyTSP;1587;2,3,8,5,6,7,4,1,0,2,;24
9;MetaTSP;1079;0,1,4,5,6,3,8,7,2,0,;188
9;BruteForceTSP;863;0,1,7,4,6,2,3,8,5,0,;3888
10;GreedyTSP;1430;0,5,7,1,8,3,4,2,6,9,0,;85
10;RandomGreedyTSP;1405;5,7,1,8,3,0,4,2,6,9,5,;67
10;MetaTSP;1430;0,5,7,1,8,3,4,2,6,9,0,;306
10;BruteForceTSP;1006;0,4,2,1,8,5,7,6,9,3,0,;46938
10;GreedyTSP;1404;0,7,4,5,3,6,2,9,8,1,0,;111
10;RandomGreedyTSP;1257;2,5,0,7,4,8,9,6,3,1,2,;68
10;MetaTSP;1404;0,7,4,5,3,6,2,9,8,1,0,;335
10;BruteForceTSP;953;0,3,1,4,8,7,9,6,2,5,0,;107732
10;GreedyTSP;1349;0,7,6,9,2,4,8,3,5,1,0,;109
10;RandomGreedyTSP;1191;8,3,4,2,5,1,7,6,9,0,8,;85
10;MetaTSP;1180;0,7,6,9,2,1,8,5,3,4,0,;283
10;BruteForceTSP;994;0,7,6,9,3,4,2,5,1,8,0,;3377
10;GreedyTSP;1230;0,4,5,8,3,1,6,2,7,9,0,;73
10;RandomGreedyTSP;1025;4,5,8,0,1,3,9,7,6,2,4,;48
10;MetaTSP;1175;0,3,5,8,4,7,6,2,1,9,0,;218
10;BruteForceTSP;914;0,1,3,5,8,4,6,2,9,7,0,;74196
10;GreedyTSP;1220;0,3,5,7,8,2,4,6,1,9,0,;90
10;RandomGreedyTSP;1220;0,3,5,7,8,2,4,6,1,9,0,;68
10;MetaTSP;993;0,3,5,7,8,9,4,6,1,2,0,;312
10;BruteForceTSP;989;0,3,9,4,6,1,7,5,8,2,0,;5962
10;GreedyTSP;1193;0,6,7,4,8,5,3,1,9,2,0,;114
10;RandomGreedyTSP;1453;4,8,5,3,6,7,2,0,9,1,4,;76
10;MetaTSP;1193;0,6,7,4,8,5,3,1,9,2,0,;346
10;BruteForceTSP;867;0,6,5,8,9,2,3,7,4,1,0,;12415
10;GreedyTSP;1512;0,7,3,5,2,4,6,9,1,8,0,;131
10;RandomGreedyTSP;1304;8,1,7,0,9,2,4,6,3,5,8,;94
10;MetaTSP;1175;0,5,3,9,2,4,6,8,1,7,0,;668
10;BruteForceTSP;1101;0,8,1,7,3,5,2,4,6,9,0,;93826
10;GreedyTSP;1456;0,5,3,9,2,6,8,1,4,7,0,;160
10;RandomGreedyTSP;1456;0,5,3,9,2,6,8,1,4,7,0,;100
10;MetaTSP;1456;0,5,3,9,2,6,8,1,4,7,0,;607
10;BruteForceTSP;1216;0,5,2,9,7,6,8,1,4,3,0,;120565
10;GreedyTSP;1127;0,4,5,2,7,8,6,3,9,1,0,;70
10;RandomGreedyTSP;1558;5,2,7,8,6,3,9,1,4,0,5,;58
10;MetaTSP;1099;0,4,5,2,1,8,6,3,9,7,0,;326
10;BruteForceTSP;938;0,4,1,2,7,8,6,3,9,5,0,;113881
10;GreedyTSP;1324;0,6,7,5,1,3,8,4,2,9,0,;78
10;RandomGreedyTSP;1580;4,0,6,7,5,1,3,8,9,2,4,;66
10;MetaTSP;1324;0,6,7,5,1,3,8,4,2,9,0,;328
10;BruteForceTSP;1092;0,1,9,3,8,5,4,2,7,6,0,;54019
10;GreedyTSP;1477;0,8,7,9,5,6,2,4,1,3,0,;75
10;RandomGreedyTSP;1473;6,2,5,0,8,7,9,1,3,4,6,;73
10;MetaTSP;1477;0,8,7,9,5,6,2,4,1,3,0,;310
10;BruteForceTSP;1291;0,8,7,4,3,9,2,5,6,1,0,;12552
10;GreedyTSP;1153;0,6,5,1,3,7,8,9,2,4,0,;85
10;RandomGreedyTSP;915;7,0,6,5,1,3,8,9,2,4,7,;68
10;MetaTSP;1004;0,6,5,1,3,4,8,9,2,7,0,;281
10;BruteForceTSP;839;0,6,9,8,2,4,5,1,3,7,0,;8386
10;GreedyTSP;1404;0,9,5,8,6,3,2,4,1,7,0,;88
10;RandomGreedyTSP;1280;5,8,6,3,9,0,2,4,1,7,5,;59
10;MetaTSP;1086;0,9,5,8,6,3,2,4,7,1,0,;309
10;BruteForceTSP;945;0,8,6,3,9,5,4,2,7,1,0,;39041
10;GreedyTSP;1383;0,7,2,1,9,3,8,6,5,4,0,;66
10;RandomGreedyTSP;1478;5,7,2,1,9,3,0,8,6,4,5,;62
10;MetaTSP;1092;0,7,2,1,9,3,8,4,6,5,0,;236
10;BruteForceTSP;1092;0,7,2,1,9,3,8,4,6,5,0,;1581
10;GreedyTSP;1607;0,9,4,2,6,8,1,7,3,5,0,;86
10;RandomGreedyTSP;1287;6,9,4,2,1,7,0,3,8,5,6,;58
10;MetaTSP;1245;0,9,4,2,1,6,5,7,8,3,0,;325
10;BruteForceTSP;1016;0,9,5,7,4,2,6,8,1,3,0,;74908
10;GreedyTSP;1115;0,6,3,1,4,2,9,5,7,8,0,;94
10;RandomGreedyTSP;1207;9,3,1,4,0,6,2,7,5,8,9,;69
10;MetaTSP;1115;0,6,3,1,4,2,9,5,7,8,0,;328
10;BruteForceTSP;1019;0,6,3,2,7,8,1,4,9,5,0,;39396
10;GreedyTSP;1584;0,5,7,6,3,9,1,8,2,4,0,;83
10;RandomGreedyTSP;1421;7,6,3,5,0,2,9,1,8,4,7,;60
10;MetaTSP;1350;0,5,7,6,3,4,1,8,2,9,0,;303
10;BruteForceTSP;1198;0,5,1,8,6,3,9,7,4,2,0,;15805
10;GreedyTSP;1561;0,1,9,2,6,3,4,8,7,5,0,;175
10;RandomGreedyTSP;1689;2,1,0,4,3,9,7,5,6,8,2,;112
10;MetaTSP;1517;0,8,9,2,6,3,4,1,7,5,0,;531
10;BruteForceTSP;1215;0,7,5,1,8,4,3,9,2,6,0,;64817
10;GreedyTSP;1195;0,9,4,7,8,3,1,2,5,6,0,;98
10;RandomGreedyTSP;1433;8,0,9,4,7,2,5,3,1,6,8,;58
10;MetaTSP;1054;0,9,4,7,6,3,1,2,5,8,0,;441
10;BruteForceTSP;958;0,9,4,7,6,2,5,8,3,1,0,;41550
10;GreedyTSP;1600;0,1,6,7,3,2,4,9,5,8,0,;74
10;RandomGreedyTSP;1489;5,9,1,6,7,3,2,4,0,8,5,;61
10;MetaTSP;1394;0,1,6,7,8,5,4,9,2,3,0,;302
10;BruteForceTSP;1267;0,1,6,7,3,2,8,5,4,9,0,;12976
10;GreedyTSP;0;0,8,4,6,5,7,9,2,1,0,0,;168
10;RandomGreedyTSP;1552;6,0,0,8,4,1,7,9,2,0,6,;95
10;MetaTSP;0;0,3,4,5,7,6,2,1,8,9,0,;631
10;BruteForceTSP;1351;0,8,6,5,7,9,3,2,1,4,0,;5838
10;GreedyTSP;1215;0,4,7,6,1,3,5,2,9,8,0,;63
10;RandomGreedyTSP;1490;1,3,4,7,6,8,0,2,9,5,1,;50
10;MetaTSP;1215;0,4,7,6,1,3,5,2,9,8,0,;305
10;BruteForceTSP;1215;0,4,7,6,1,3,5,2,9,8,0,;4730
10;GreedyTSP;1342;0,9,6,7,4,3,2,5,8,1,0,;74
10;RandomGreedyTSP;1164;5,0,9,6,7,4,3,2,1,8,5,;328
10;MetaTSP;1049;0,9,6,7,4,3,1,2,8,5,0,;550
10;BruteForceTSP;944;0,8,5,2,3,1,7,4,6,9,0,;77223
10;GreedyTSP;1581;0,4,6,5,2,3,7,8,1,9,0,;53
10;RandomGreedyTSP;1423;9,2,4,6,5,1,3,7,8,0,9,;45
10;MetaTSP;1402;0,4,1,9,2,3,8,7,5,6,0,;335
10;BruteForceTSP;1253;0,9,8,7,5,2,4,1,3,6,0,;37312
10;GreedyTSP;1164;0,3,6,4,2,7,8,1,5,9,0,;85
10;RandomGreedyTSP;1386;8,1,0,3,6,4,2,7,9,5,8,;82
10;MetaTSP;1164;0,3,6,4,2,7,8,1,5,9,0,;524
10;BruteForceTSP;977;0,3,6,5,4,2,7,9,8,1,0,;28826
10;GreedyTSP;1377;0,7,1,3,9,5,8,6,2,4,0,;88
10;RandomGreedyTSP;1041;4,5,0,7,1,3,9,8,6,2,4,;87
10;MetaTSP;1122;0,6,2,4,9,5,8,7,1,3,0,;575
10;BruteForceTSP;951;0,7,1,5,8,6,2,4,9,3,0,;57254
10;GreedyTSP;1318;0,7,9,8,3,4,5,2,6,1,0,;80
10;RandomGreedyTSP;1017;5,2,8,9,0,7,1,6,3,4,5,;70
10;MetaTSP;1130;0,7,9,8,3,4,5,1,2,6,0,;472
10;BruteForceTSP;1017;0,7,1,6,3,4,5,2,8,9,0,;29656
10;GreedyTSP;1281;0,1,8,5,3,2,9,7,4,6,0,;52
10;RandomGreedyTSP;1230;5,0,1,8,4,6,3,2,9,7,5,;39
10;MetaTSP;1253;0,1,8,6,3,2,9,7,4,5,0,;222
10;BruteForceTSP;1037;0,1,7,4,6,8,3,2,9,5,0,;1382
10;GreedyTSP;1324;0,8,6,9,4,3,7,5,1,2,0,;77
10;RandomGreedyTSP;1358;3,9,0,8,6,2,1,5,4,7,3,;81
10;MetaTSP;1324;0,8,6,9,4,3,7,5,1,2,0,;1087
10;BruteForceTSP;1048;0,8,1,6,2,7,5,4,3,9,0,;15028
10;GreedyTSP;1266;0,9,5,4,2,6,7,8,1,3,0,;101
10;RandomGreedyTSP;1277;8,0,9,5,4,2,6,7,1,3,8,;90
10;MetaTSP;986;0,9,5,7,2,6,4,3,1,8,0,;610
10;BruteForceTSP;884;0,7,2,6,9,5,4,3,1,8,0,;117131
11;GreedyTSP;1579;0,2,3,5,7,1,4,8,6,9,10,0,;85
11;RandomGreedyTSP;1562;3,5,7,0,2,4,8,6,1,9,10,3,;84
11;MetaTSP;1313;0,2,3,10,7,1,4,8,6,9,5,0,;544
11;BruteForceTSP;1188;0,2,3,10,9,5,4,8,6,1,7,0,;90855
11;GreedyTSP;1523;0,7,9,4,3,1,5,2,8,6,10,0,;62
11;RandomGreedyTSP;1426;10,4,3,9,5,2,1,0,7,6,8,10,;49
11;MetaTSP;1215;0,10,4,3,1,9,5,2,8,6,7,0,;367
11;BruteForceTSP;1174;0,6,8,4,10,7,9,5,2,1,3,0,;1882266
11;GreedyTSP;1262;0,3,10,6,9,1,2,5,8,7,4,0,;57
11;RandomGreedyTSP;1448;1,3,10,6,9,0,8,7,2,5,4,1,;43
11;MetaTSP;1252;0,3,10,6,9,1,2,5,7,8,4,0,;345
11;BruteForceTSP;1089;0,8,7,1,3,10,6,5,2,4,9,0,;461788
11;GreedyTSP;1649;0,2,7,4,5,8,6,9,3,10,1,0,;56
11;RandomGreedyTSP;1649;0,2,7,4,5,8,6,9,3,10,1,0,;55
11;MetaTSP;1380;0,2,7,4,5,8,1,9,3,10,6,0,;228
11;BruteForceTSP;1181;0,2,7,6,9,4,1,3,10,5,8,0,;3601
11;GreedyTSP;0;0,0,1,2,9,5,7,4,10,3,8,0,;50
11;RandomGreedyTSP;1710;5,0,1,2,9,3,8,7,4,10,6,5,;32
11;MetaTSP;0;0,2,4,5,1,7,9,6,8,3,10,0,;159
11;BruteForceTSP;0;-842150451,-842150451,-842150451,-842150451,-842150451,-842150451,-842150451,-842150451,-842150451,-842150451,-842150451,-842150451,;23
11;GreedyTSP;1754;0,9,6,8,3,1,7,4,10,5,2,0,;49
11;RandomGreedyTSP;1652;3,1,6,8,4,9,2,5,0,10,7,3,;48
11;MetaTSP;1571;0,9,6,4,3,8,7,5,10,2,1,0,;365
11;BruteForceTSP;1236;0,6,8,3,1,7,4,9,2,10,5,0,;556511
11;GreedyTSP;1651;0,2,1,8,4,6,9,3,10,5,7,0,;48
11;RandomGreedyTSP;1376;1,8,4,6,2,9,3,0,7,5,10,1,;39
11;MetaTSP;1147;0,2,1,8,4,6,9,10,7,5,3,0,;405
11;BruteForceTSP;1070;0,7,5,10,9,2,1,8,4,6,3,0,;336963
11;GreedyTSP;1773;0,4,3,5,2,6,9,10,7,8,1,0,;45
11;RandomGreedyTSP;1735;9,5,2,4,3,6,8,7,0,1,10,9,;44
11;MetaTSP;1458;0,4,7,5,2,1,9,10,6,8,3,0,;311
11;BruteForceTSP;1131;0,1,3,6,9,8,4,2,7,5,10,0,;494499
11;GreedyTSP;1917;0,5,6,4,2,3,10,9,1,8,7,0,;56
11;RandomGreedyTSP;1665;3,0,5,6,4,2,10,9,1,8,7,3,;45
11;MetaTSP;1317;0,5,6,4,2,7,10,9,1,8,3,0,;294
11;BruteForceTSP;1236;0,5,4,2,7,8,1,9,10,6,3,0,;54940
11;GreedyTSP;1489;0,6,3,5,8,10,4,2,9,7,1,0,;70
11;RandomGreedyTSP;1489;6,3,5,8,10,4,2,9,7,1,0,6,;67
11;MetaTSP;1281;0,6,3,7,8,10,4,2,9,5,1,0,;366
11;BruteForceTSP;1281;0,6,3,7,8,10,4,2,9,5,1,0,;31617
11;GreedyTSP;1045;0,4,10,6,1,2,7,3,8,9,5,0,;59
11;RandomGreedyTSP;1496;7,3,0,4,10,6,1,2,9,5,8,7,;55
11;MetaTSP;1045;0,4,10,6,1,2,7,3,8,9,5,0,;697
11;BruteForceTSP;923;0,4,10,6,1,3,8,9,2,7,5,0,;258099
11;GreedyTSP;1223;0,9,3,6,10,2,7,8,1,4,5,0,;44
11;RandomGreedyTSP;1223;4,5,0,9,3,6,10,2,7,8,1,4,;42
11;MetaTSP;1223;0,9,3,6,10,2,7,8,1,4,5,0,;338
11;BruteForceTSP;1023;0,9,8,7,2,5,4,1,3,10,6,0,;612485
11;GreedyTSP;1341;0,3,6,5,7,2,1,8,9,10,4,0,;42
11;RandomGreedyTSP;1341;0,3,6,5,7,2,1,8,9,10,4,0,;37
11;MetaTSP;1292;0,3,6,5,10,4,1,8,9,7,2,0,;315
11;BruteForceTSP;1115;0,5,7,2,4,1,8,9,6,3,10,0,;492256
11;GreedyTSP;1316;0,1,6,3,2,10,4,9,7,5,8,0,;43
11;RandomGreedyTSP;1560;2,0,1,6,3,10,4,9,7,5,8,2,;41
11;MetaTSP;1316;0,1,6,3,2,10,4,9,7,5,8,0,;503
11;BruteForceTSP;1047;0,1,8,9,10,4,6,7,5,3,2,0,;183693
11;GreedyTSP;1812;0,10,5,8,9,2,3,1,4,6,7,0,;50
11;RandomGreedyTSP;1255;3,0,10,5,8,9,2,7,4,1,6,3,;63
11;MetaTSP;1255;0,10,5,8,9,2,7,4,1,6,3,0,;173
11;BruteForceTSP;1127;0,10,5,7,4,1,9,2,8,6,3,0,;73162
11;GreedyTSP;1536;0,2,4,6,9,3,8,10,1,7,5,0,;47
11;RandomGreedyTSP;1516;8,10,6,9,3,0,2,4,5,1,7,8,;44
11;MetaTSP;1400;0,2,4,6,9,5,8,10,1,7,3,0,;539
11;BruteForceTSP;1091;0,2,5,8,10,1,7,4,6,9,3,0,;336810
11;GreedyTSP;1151;0,1,3,10,5,8,9,6,7,2,4,0,;50
11;RandomGreedyTSP;1294;1,0,3,10,5,8,9,6,7,2,4,1,;41
11;MetaTSP;1151;0,1,3,10,5,8,9,6,7,2,4,0,;314
11;BruteForceTSP;1040;0,1,7,6,4,2,3,10,5,8,9,0,;184162
11;GreedyTSP;1273;0,3,4,10,1,7,6,2,9,8,5,0,;65
11;RandomGreedyTSP;1330;1,7,6,0,3,4,10,9,8,5,2,1,;49
11;MetaTSP;1142;0,3,4,10,1,8,5,2,7,9,6,0,;328
11;BruteForceTSP;1003;0,3,4,10,1,7,9,8,5,2,6,0,;304839
11;GreedyTSP;1492;0,5,2,3,8,6,9,7,1,4,10,0,;33
11;RandomGreedyTSP;1395;5,2,3,0,1,6,9,7,10,8,4,5,;25
11;MetaTSP;1462;0,5,2,10,8,6,7,9,1,4,3,0,;176
11;BruteForceTSP;1125;0,5,2,4,10,7,9,1,6,8,3,0,;17564
11;GreedyTSP;1654;0,4,2,5,8,1,10,9,7,3,6,0,;46
11;RandomGreedyTSP;1792;4,2,5,8,1,10,9,0,3,7,6,4,;45
11;MetaTSP;1486;0,4,2,5,8,1,7,9,6,3,10,0,;256
11;BruteForceTSP;1387;0,4,7,9,6,3,5,8,2,1,10,0,;18647
11;GreedyTSP;1788;0,10,8,3,1,4,2,6,5,7,9,0,;52
11;RandomGreedyTSP;1445;10,8,3,1,4,0,5,7,2,6,9,10,;39
11;MetaTSP;1765;0,10,8,3,1,4,2,6,9,7,5,0,;494
11;BruteForceTSP;1372;0,5,6,9,10,7,4,8,2,3,1,0,;233956
11;GreedyTSP;0;0,0,7,10,5,8,6,3,1,4,9,0,;43
11;RandomGreedyTSP;1305;10,5,8,6,3,1,0,7,9,2,4,10,;34
11;MetaTSP;0;0,4,3,8,1,5,2,7,6,9,10,0,;151
11;BruteForceTSP;0;-842150451,-842150451,-842150451,-842150451,-842150451,-842150451,-842150451,-842150451,-842150451,-842150451,-842150451,-842150451,;22
11;GreedyTSP;1219;0,9,5,6,10,7,1,2,3,4,8,0,;52
11;RandomGreedyTSP;1435;6,10,7,9,5,1,2,0,8,4,3,6,;50
11;MetaTSP;1219;0,9,5,6,10,7,1,2,3,4,8,0,;421
11;BruteForceTSP;941;0,1,9,10,7,5,6,8,4,2,3,0,;776245
11;GreedyTSP;1114;0,10,9,6,8,5,4,3,1,7,2,0,;41
11;RandomGreedyTSP;1379;3,8,5,4,6,2,0,10,9,7,1,3,;30
11;MetaTSP;1114;0,10,9,6,8,5,4,3,1,7,2,0,;243
11;BruteForceTSP;1114;0,10,9,6,8,5,4,3,1,7,2,0,;809576
11;GreedyTSP;1366;0,10,5,6,8,9,3,7,4,2,1,0,;58
11;RandomGreedyTSP;1366;0,10,5,6,8,9,3,7,4,2,1,0,;49
11;MetaTSP;1366;0,10,5,6,8,9,3,7,4,2,1,0,;319
11;BruteForceTSP;1209;0,6,8,10,5,1,4,2,3,7,9,0,;662949
11;GreedyTSP;1794;0,9,7,2,1,6,10,3,5,8,4,0,;41
11;RandomGreedyTSP;1826;2,1,7,10,9,4,3,0,8,6,5,2,;46
11;MetaTSP;1541;0,9,7,2,1,6,4,8,5,10,3,0,;313
11;BruteForceTSP;1318;0,9,4,7,2,1,5,8,6,10,3,0,;287263
11;GreedyTSP;1245;0,8,4,10,6,7,1,3,5,2,9,0,;45
11;RandomGreedyTSP;1245;0,8,4,10,6,7,1,3,5,2,9,0,;46
11;MetaTSP;1245;0,8,4,10,6,7,1,3,5,2,9,0,;350
11;BruteForceTSP;1071;0,8,4,10,6,7,3,5,2,9,1,0,;332872
11;GreedyTSP;1103;0,1,5,6,4,7,9,3,8,2,10,0,;51
11;RandomGreedyTSP;1240;8,2,1,5,6,4,7,9,3,10,0,8,;47
11;MetaTSP;1103;0,1,5,6,4,7,9,3,8,2,10,0,;338
11;BruteForceTSP;1077;0,7,4,9,3,8,2,1,5,6,10,0,;122497
11;GreedyTSP;1168;0,7,4,1,8,5,10,2,3,9,6,0,;72
11;RandomGreedyTSP;1492;2,3,1,8,5,4,9,0,7,10,6,2,;57
11;MetaTSP;1168;0,7,4,1,8,5,10,2,3,9,6,0,;591
11;BruteForceTSP;1073;0,7,3,1,8,6,10,2,5,4,9,0,;41238
11;GreedyTSP;1729;0,3,2,6,7,5,8,1,4,9,10,0,;63
11;RandomGreedyTSP;1480;8,3,2,6,7,0,1,4,9,10,5,8,;49
11;MetaTSP;1412;0,3,2,8,10,5,6,7,4,9,1,0,;321
11;BruteForceTSP;1256;0,3,2,6,7,10,5,8,4,9,1,0,;493903
12;GreedyTSP;1714;0,10,5,7,2,8,3,1,6,4,11,9,0,;45
12;RandomGreedyTSP;1387;7,5,10,8,3,1,0,2,6,4,11,9,7,;41
12;MetaTSP;1354;0,10,9,7,2,8,3,1,5,4,11,6,0,;276
12;BruteForceTSP;1201;0,10,8,3,1,7,9,4,11,6,5,2,0,;166397
12;GreedyTSP;1491;0,2,1,6,5,11,9,3,8,7,10,4,0,;80
12;RandomGreedyTSP;1308;6,5,2,1,9,3,8,0,7,11,4,10,6,;42
12;MetaTSP;1300;0,2,1,6,5,11,4,9,8,7,3,10,0,;374
12;BruteForceTSP;1083;0,7,11,4,9,3,8,1,6,5,2,10,0,;13364853
12;GreedyTSP;1144;0,6,9,10,2,7,8,1,4,11,5,3,0,;50
12;RandomGreedyTSP;1961;4,1,2,7,10,9,11,6,8,3,0,5,4,;45
12;MetaTSP;1144;0,6,9,10,2,7,8,1,4,11,5,3,0,;376
12;BruteForceTSP;1058;0,6,9,10,7,8,1,4,11,2,5,3,0,;9136074
12;GreedyTSP;1730;0,5,2,9,8,1,6,4,11,10,3,7,0,;51
12;RandomGreedyTSP;1781;3,8,1,6,4,5,2,9,7,11,10,0,3,;42
12;MetaTSP;1514;0,5,2,9,8,1,6,4,11,10,7,3,0,;305
12;BruteForceTSP;1412;0,10,5,3,2,9,8,7,11,1,6,4,0,;1121378
12;GreedyTSP;1237;0,2,10,9,1,4,11,3,5,7,8,6,0,;49
12;RandomGreedyTSP;1523;2,10,9,1,4,11,3,5,7,8,0,6,2,;46
12;MetaTSP;1237;0,2,10,9,1,4,11,3,5,7,8,6,0,;476
12;BruteForceTSP;1150;0,2,10,9,6,8,4,11,3,5,7,1,0,;7380418
12;GreedyTSP;1238;0,11,5,3,9,1,8,6,2,4,10,7,0,;42
12;RandomGreedyTSP;1430;1,5,3,9,8,6,11,10,7,4,0,2,1,;46
12;MetaTSP;1238;0,11,5,3,9,1,8,6,2,4,10,7,0,;360
12;BruteForceTSP;1053;0,11,5,3,2,10,7,4,6,8,9,1,0,;1829916
12;GreedyTSP;1156;0,9,7,5,11,1,10,2,8,6,4,3,0,;50
12;RandomGreedyTSP;1389;2,9,7,5,11,1,10,8,6,4,3,0,2,;45
12;MetaTSP;1156;0,9,7,5,11,1,10,2,8,6,4,3,0,;370
12;BruteForceTSP;968;0,7,5,11,6,4,3,8,10,2,1,9,0,;8642864
12;GreedyTSP;1472;0,1,5,9,8,2,4,11,6,10,7,3,0,;41
12;RandomGreedyTSP;1241;9,8,2,0,1,5,7,10,3,6,4,11,9,;44
12;MetaTSP;1472;0,1,5,9,8,2,4,11,6,10,7,3,0,;316
12;BruteForceTSP;1080;0,5,7,10,1,11,9,8,6,4,3,2,0,;1228485
12;GreedyTSP;1466;0,8,3,6,4,1,5,10,2,7,11,9,0,;49
12;RandomGreedyTSP;1237;6,4,1,0,8,3,9,7,11,5,10,2,6,;43
12;MetaTSP;1466;0,8,3,6,4,1,5,10,2,7,11,9,0,;872
12;BruteForceTSP;1171;0,7,11,5,8,3,9,2,10,6,4,1,0,;11907555
12;GreedyTSP;1805;0,1,2,8,10,5,4,9,6,3,11,7,0,;42
12;RandomGreedyTSP;1989;10,0,1,2,8,4,9,5,6,3,11,7,10,;52
12;MetaTSP;1732;0,1,2,8,10,5,4,9,6,7,3,11,0,;269
12;BruteForceTSP;1254;0,11,10,2,1,7,3,6,5,8,4,9,0,;276608
12;GreedyTSP;1279;0,2,3,7,10,6,11,8,1,5,9,4,0,;45
12;RandomGreedyTSP;1279;2,3,7,10,6,11,8,1,5,9,4,0,2,;42
12;MetaTSP;1279;0,2,3,7,10,6,11,8,1,5,9,4,0,;324
12;BruteForceTSP;1054;0,2,6,1,5,10,8,9,4,3,7,11,0,;3529799
12;GreedyTSP;1414;0,10,11,8,1,5,4,6,7,2,9,3,0,;56
12;RandomGreedyTSP;1406;11,8,1,5,4,6,7,2,9,10,0,3,11,;45
12;MetaTSP;1275;0,10,11,8,1,5,4,6,7,9,2,3,0,;497
12;BruteForceTSP;1120;0,10,11,8,5,4,3,6,7,2,9,1,0,;807845
12;GreedyTSP;1414;0,10,11,8,1,5,4,6,7,2,9,3,0,;37
12;RandomGreedyTSP;1414;0,10,11,8,1,5,4,6,7,2,9,3,0,;43
12;MetaTSP;1275;0,10,11,8,1,5,4,6,7,9,2,3,0,;261
12;BruteForceTSP;1120;0,10,11,8,5,4,3,6,7,2,9,1,0,;748436
12;GreedyTSP;1612;0,10,5,9,7,3,2,4,1,6,11,8,0,;62
12;RandomGreedyTSP;1612;0,10,5,9,7,3,2,4,1,6,11,8,0,;53
12;MetaTSP;1612;0,10,5,9,7,3,2,4,1,6,11,8,0,;339
12;BruteForceTSP;1296;0,10,8,7,3,2,4,5,9,1,6,11,0,;1349489
12;GreedyTSP;1359;0,10,11,6,9,8,7,4,5,2,1,3,0,;59
12;RandomGreedyTSP;1469;1,2,7,4,5,8,11,6,9,10,0,3,1,;48
12;MetaTSP;1279;0,10,11,2,9,8,7,4,5,6,1,3,0,;415
12;BruteForceTSP;1075;0,10,2,7,4,5,8,11,6,1,3,9,0,;16504135
12;GreedyTSP;1359;0,2,1,10,9,6,8,4,11,7,5,3,0,;52
12;RandomGreedyTSP;1571;6,8,4,2,1,10,9,7,0,11,5,3,6,;46
12;MetaTSP;1269;0,2,5,10,9,6,8,1,3,7,4,11,0,;389
12;BruteForceTSP;994;0,11,6,8,3,7,9,10,5,4,2,1,0,;17030457
12;GreedyTSP;1516;0,1,10,11,7,9,8,6,5,4,3,2,0,;55
12;RandomGreedyTSP;1471;2,4,5,9,1,10,11,7,3,8,0,6,2,;54
12;MetaTSP;1247;0,1,10,3,7,9,8,6,11,4,5,2,0,;296
12;BruteForceTSP;1121;0,2,4,5,9,1,10,11,7,6,3,8,0,;639976
12;GreedyTSP;1347;0,9,7,4,10,8,1,6,3,11,2,5,0,;59
12;RandomGreedyTSP;1685;8,1,0,9,7,4,10,2,6,3,11,5,8,;260
12;MetaTSP;1347;0,9,7,4,10,8,1,6,3,11,2,5,0,;302
12;BruteForceTSP;1242;0,2,6,3,11,9,7,4,10,8,1,5,0,;1676423
12;GreedyTSP;1510;0,7,9,3,6,1,11,8,2,10,5,4,0,;51
12;RandomGreedyTSP;1796;9,3,6,7,2,8,0,1,11,5,4,10,9,;43
12;MetaTSP;1510;0,7,9,3,6,1,11,8,2,10,5,4,0,;533
12;BruteForceTSP;1212;0,7,2,10,5,6,9,3,4,1,11,8,0,;1325376
12;GreedyTSP;1681;0,11,6,3,4,5,1,7,9,2,8,10,0,;45
12;RandomGreedyTSP;1482;4,6,3,9,2,1,7,11,8,5,10,0,4,;42
12;MetaTSP;1378;0,11,6,3,4,5,1,7,10,8,9,2,0,;284
12;BruteForceTSP;1171;0,11,10,8,7,9,2,1,4,5,6,3,0,;2792463
12;GreedyTSP;1677;0,10,6,11,7,4,2,3,8,5,9,1,0,;40
12;RandomGreedyTSP;1524;10,6,0,9,7,4,2,11,5,8,3,1,10,;32
12;MetaTSP;1543;0,10,9,8,7,4,2,3,11,5,6,1,0,;214
12;BruteForceTSP;1345;0,10,3,9,8,6,1,5,11,7,4,2,0,;279116
12;GreedyTSP;1894;0,11,9,5,10,3,7,2,6,4,8,1,0,;58
12;RandomGreedyTSP;1770;3,7,2,0,11,9,5,10,4,8,6,1,3,;46
12;MetaTSP;1770;0,11,9,5,10,3,7,2,6,1,8,4,0,;358
12;BruteForceTSP;1374;0,11,9,1,5,8,10,3,7,2,6,4,0,;960260
12;GreedyTSP;1918;0,2,5,7,6,11,10,4,3,9,8,1,0,;48
12;RandomGreedyTSP;1579;4,6,11,0,2,5,7,9,10,1,3,8,4,;40
12;MetaTSP;1433;0,2,5,8,6,10,9,4,7,1,3,11,0,;372
12;BruteForceTSP;1345;0,2,5,1,3,7,9,4,6,10,8,11,0,;7898553
12;GreedyTSP;1235;0,2,11,9,3,10,6,7,8,5,4,1,0,;80
12;RandomGreedyTSP;1235;2,11,9,3,10,6,7,8,5,4,1,0,2,;46
12;MetaTSP;1225;0,2,11,9,3,10,6,1,8,5,4,7,0,;333
12;BruteForceTSP;1033;0,2,4,1,3,10,6,7,11,9,5,8,0,;5731229
12;GreedyTSP;1147;0,2,9,4,3,7,10,6,8,5,1,11,0,;44
12;RandomGreedyTSP;1488;11,4,9,10,0,2,6,7,1,3,8,5,11,;43
12;MetaTSP;1147;0,2,9,4,3,7,10,6,8,5,1,11,0,;456
12;BruteForceTSP;1007;0,2,6,7,9,4,11,8,5,3,1,10,0,;8713987
12;GreedyTSP;1670;0,3,10,2,11,4,1,5,8,9,6,7,0,;49
12;RandomGreedyTSP;1421;11,10,2,3,7,5,4,1,0,6,8,9,11,;46
12;MetaTSP;1325;0,3,10,2,11,4,1,5,8,7,9,6,0,;259
12;BruteForceTSP;1253;0,3,10,2,11,4,6,1,5,8,7,9,0,;251025
12;GreedyTSP;1481;0,10,6,5,8,1,3,9,11,7,2,4,0,;49
12;RandomGreedyTSP;1450;11,8,6,5,9,10,3,0,4,7,1,2,11,;43
12;MetaTSP;1222;0,10,6,5,7,2,3,9,11,8,1,4,0,;355
12;BruteForceTSP;1094;0,10,6,5,9,11,3,2,8,1,4,7,0,;9738933
12;GreedyTSP;1472;0,3,2,4,11,8,6,1,10,7,5,9,0,;51
12;RandomGreedyTSP;1310;6,1,0,3,2,4,11,8,9,10,7,5,6,;38
12;MetaTSP;1257;0,3,2,4,11,8,6,9,10,7,5,1,0,;350
12;BruteForceTSP;1177;0,3,2,4,11,9,10,7,8,6,1,5,0,;10637619
12;GreedyTSP;0;0,0,7,2,8,4,6,3,1,11,10,9,0,;49
12;RandomGreedyTSP;1505;3,2,7,5,8,4,6,1,11,10,0,9,3,;33
12;MetaTSP;0;0,7,8,9,2,4,6,10,5,1,3,11,0,;138
12;BruteForceTSP;0;-842150451,-842150451,-842150451,-842150451,-842150451,-842150451,-842150451,-842150451,-842150451,-842150451,-842150451,-842150451,-842150451,;21
12;GreedyTSP;1721;0,2,10,7,1,9,5,6,8,3,11,4,0,;46
12;RandomGreedyTSP;1426;1,2,10,7,9,5,6,0,8,3,11,4,1,;42
12;MetaTSP;1230;0,2,1,10,7,4,5,8,6,9,11,3,0,;323
12;BruteForceTSP;1193;0,8,1,2,10,7,4,5,6,9,11,3,0,;5751963
13;GreedyTSP;1172;0,1,8,6,2,7,11,3,9,10,4,12,5,0,;66
13;RandomGreedyTSP;1165;8,6,0,1,12,3,9,10,4,2,7,11,5,8,;55
13;MetaTSP;1172;0,1,8,6,2,7,11,3,9,10,4,12,5,0,;389
13;BruteForceTSP;1163;0,1,5,8,6,11,2,7,4,12,3,9,10,0,;4929038
13;GreedyTSP;1172;0,1,8,6,2,7,11,3,9,10,4,12,5,0,;43
13;RandomGreedyTSP;1350;6,0,1,8,4,12,3,9,10,5,7,11,2,6,;40
13;MetaTSP;1172;0,1,8,6,2,7,11,3,9,10,4,12,5,0,;271
13;BruteForceTSP;1163;0,1,5,8,6,11,2,7,4,12,3,9,10,0,;5664369
13;GreedyTSP;1358;0,11,8,9,1,7,5,3,2,10,12,6,4,0,;224
13;RandomGreedyTSP;1872;3,0,11,8,9,1,7,5,12,6,10,4,2,3,;74
13;MetaTSP;1358;0,11,8,9,1,7,5,3,2,10,12,6,4,0,;351
13;BruteForceTSP;1263;0,11,4,6,10,12,2,7,8,9,5,1,3,0,;98014938
13;GreedyTSP;1512;0,9,7,6,8,2,10,1,5,12,11,4,3,0,;48
13;RandomGreedyTSP;1671;12,6,9,7,10,1,8,2,0,3,11,5,4,12,;48
13;MetaTSP;1500;0,9,7,6,5,2,10,1,8,12,11,4,3,0,;345
13;BruteForceTSP;1188;0,12,11,4,3,6,9,7,10,1,8,5,2,0,;33406478
13;GreedyTSP;1523;0,9,2,3,8,5,7,1,4,12,10,6,11,0,;50
13;RandomGreedyTSP;1470;10,4,12,3,8,5,7,1,0,9,2,6,11,10,;52
13;MetaTSP;1405;0,9,2,3,8,5,7,1,4,12,10,11,6,0,;357
13;BruteForceTSP;1069;0,9,2,11,6,5,3,8,4,12,10,7,1,0,;32008341
13;GreedyTSP;1479;0,1,2,10,4,7,8,12,5,6,3,9,11,0,;57
13;RandomGreedyTSP;1479;0,1,2,10,4,7,8,12,5,6,3,9,11,0,;46
13;MetaTSP;1479;0,1,2,10,4,7,8,12,5,6,3,9,11,0,;388
13;BruteForceTSP;1010;0,3,9,11,12,5,6,1,2,10,4,7,8,0,;66387428
13;GreedyTSP;1682;0,6,9,7,5,4,3,10,8,1,2,12,11,0,;52
13;RandomGreedyTSP;1522;11,2,0,6,9,7,5,4,3,10,8,1,12,11,;47
13;MetaTSP;1355;0,6,9,7,5,4,11,10,8,1,3,12,2,0,;314
13;BruteForceTSP;1138;0,6,9,7,5,11,3,4,2,12,10,8,1,0,;1989845
13;GreedyTSP;1257;0,8,11,6,9,2,1,10,3,4,7,5,12,0,;61
13;RandomGreedyTSP;1633;7,9,2,1,6,8,11,4,0,10,3,12,5,7,;49
13;MetaTSP;1257;0,8,11,6,9,2,1,10,3,4,7,5,12,0,;290
13;BruteForceTSP;1189;0,8,12,11,6,9,2,1,5,7,10,3,4,0,;712663
13;GreedyTSP;1617;0,8,4,9,6,7,1,3,11,10,12,2,5,0,;54
13;RandomGreedyTSP;1339;11,10,12,9,6,7,4,0,8,2,3,5,1,11,;51
13;MetaTSP;1395;0,8,4,9,6,7,1,3,11,2,12,5,10,0,;402
13;BruteForceTSP;1048;0,8,10,12,2,3,11,5,1,9,6,7,4,0,;74001438
13;GreedyTSP;1456;0,4,9,8,3,10,5,2,11,12,7,6,1,0,;48
13;RandomGreedyTSP;1392;10,3,9,8,1,6,11,12,5,2,0,4,7,10,;41
13;MetaTSP;1456;0,4,9,8,3,10,5,2,11,12,7,6,1,0,;227
13;BruteForceTSP;1186;0,8,1,6,3,9,12,5,2,11,10,7,4,0,;14823405
13;GreedyTSP;1818;0,9,11,10,3,4,1,6,8,12,5,7,2,0,;71
13;RandomGreedyTSP;1345;5,6,4,3,9,11,10,0,2,1,12,7,8,5,;56
13;MetaTSP;1555;0,9,11,10,3,4,1,6,8,12,5,2,7,0,;285
13;BruteForceTSP;1062;0,9,2,1,11,7,5,6,8,10,3,4,12,0,;7634633
13;GreedyTSP;1591;0,7,2,4,6,8,12,3,9,11,10,1,5,0,;53
13;RandomGreedyTSP;1517;12,6,4,0,7,2,5,9,3,8,11,10,1,12,;45
13;MetaTSP;1370;0,10,2,4,8,5,12,3,9,11,7,1,6,0,;353
13;BruteForceTSP;1066;0,7,1,8,12,3,9,11,10,2,5,6,4,0,;24606321
13;GreedyTSP;1706;0,6,5,1,10,9,4,8,7,2,12,3,11,0,;50
13;RandomGreedyTSP;1947;6,5,1,10,9,4,0,7,2,12,3,8,11,6,;54
13;MetaTSP;1514;0,6,5,1,10,9,4,8,7,2,3,12,11,0,;321
13;BruteForceTSP;1102;0,6,5,1,10,9,8,7,4,11,12,2,3,0,;3566608
13;GreedyTSP;1445;0,8,10,11,4,9,7,2,1,3,6,12,5,0,;54
13;RandomGreedyTSP;1568;9,7,11,4,8,10,2,1,3,6,12,5,0,9,;53
13;MetaTSP;1445;0,8,10,11,4,9,7,2,1,3,6,12,5,0,;351
13;BruteForceTSP;1368;0,8,12,5,1,3,6,10,2,7,11,4,9,0,;9240975
13;GreedyTSP;1710;0,5,1,8,6,12,9,3,4,11,2,10,7,0,;52
13;RandomGreedyTSP;1660;12,9,3,8,6,7,1,4,0,5,10,11,2,12,;43
13;MetaTSP;1498;0,5,7,8,6,12,9,3,2,11,4,1,10,0,;360
13;BruteForceTSP;1291;0,4,9,3,2,11,5,7,1,8,6,12,10,0,;61001366
13;GreedyTSP;1611;0,9,5,12,2,3,7,10,6,1,4,8,11,0,;67
13;RandomGreedyTSP;1611;0,9,5,12,2,3,7,10,6,1,4,8,11,0,;72
13;MetaTSP;1381;0,9,5,12,2,1,7,10,8,11,4,6,3,0,;529
13;BruteForceTSP;1058;0,1,10,12,2,6,3,7,5,11,4,8,9,0,;63417506
13;GreedyTSP;1772;0,1,7,4,12,6,2,5,11,9,3,10,8,0,;60
13;RandomGreedyTSP;1494;9,11,3,12,6,4,5,0,1,7,2,8,10,9,;56
13;MetaTSP;1536;0,1,7,4,12,6,10,5,11,9,3,2,8,0,;334
13;BruteForceTSP;1201;0,10,6,4,12,8,1,7,2,11,9,3,5,0,;4387951
13;GreedyTSP;1423;0,2,6,11,5,8,7,9,1,3,12,4,10,0,;54
13;RandomGreedyTSP;1289;11,5,8,7,9,1,0,2,6,3,12,4,10,11,;47
13;MetaTSP;1387;0,2,6,11,5,8,7,9,1,10,12,4,3,0,;380
13;BruteForceTSP;1094;0,2,6,11,5,8,10,4,12,3,7,9,1,0,;103008397
13;GreedyTSP;1627;0,5,10,7,8,2,1,6,4,11,3,12,9,0,;62
13;RandomGreedyTSP;2046;6,1,7,8,10,3,12,0,5,4,11,9,2,6,;54
13;MetaTSP;1627;0,5,10,7,8,2,1,6,4,11,3,12,9,0,;321
13;BruteForceTSP;1375;0,11,6,9,5,4,10,1,2,3,12,7,8,0,;6764876
13;GreedyTSP;1517;0,2,10,12,5,3,1,4,9,11,7,8,6,0,;60
13;RandomGreedyTSP;1576;2,10,12,5,3,1,4,9,11,0,8,7,6,2,;49
13;MetaTSP;1159;0,2,10,12,8,3,1,4,9,11,5,6,7,0,;396
13;BruteForceTSP;1060;0,2,10,12,5,6,7,8,3,1,4,9,11,0,;51939196
13;GreedyTSP;1945;0,4,9,10,2,3,12,5,6,11,7,1,8,0,;57
13;RandomGreedyTSP;2149;12,5,0,4,9,10,2,3,11,7,6,8,1,12,;62
13;MetaTSP;1598;0,7,9,10,2,3,12,8,4,6,11,5,1,0,;342
13;BruteForceTSP;1237;0,7,6,3,12,8,11,9,10,2,4,1,5,0,;17259635
13;GreedyTSP;1883;0,4,5,11,10,2,1,9,12,6,8,7,3,0,;61
13;RandomGreedyTSP;1523;10,5,11,12,9,1,0,4,3,7,8,2,6,10,;46
13;MetaTSP;1356;0,8,5,11,10,2,1,9,12,6,4,3,7,0,;377
13;BruteForceTSP;1190;0,12,9,6,4,3,7,8,5,11,10,2,1,0,;179472053
13;GreedyTSP;1369;0,9,10,8,3,4,12,5,6,2,7,1,11,0,;51
13;RandomGreedyTSP;1611;3,4,0,9,10,8,7,1,12,5,6,2,11,3,;51
13;MetaTSP;1369;0,9,10,8,3,4,12,5,6,2,7,1,11,0,;377
13;BruteForceTSP;1186;0,5,6,9,10,8,3,7,11,2,4,1,12,0,;149208449
13;GreedyTSP;1426;0,4,12,9,1,2,3,8,6,5,7,10,11,0,;58
13;RandomGreedyTSP;973;4,12,9,1,2,3,0,11,10,7,8,6,5,4,;56
13;MetaTSP;1276;0,4,12,9,1,2,3,8,6,5,7,11,10,0,;355
13;BruteForceTSP;973;0,11,10,7,8,6,5,4,12,9,1,2,3,0,;24490887
13;GreedyTSP;1611;0,8,10,7,12,6,2,4,11,5,3,1,9,0,;52
13;RandomGreedyTSP;1122;9,7,12,6,2,4,11,5,8,10,3,1,0,9,;51
13;MetaTSP;1494;0,9,10,7,12,6,2,4,8,5,3,1,11,0,;412
13;BruteForceTSP;1116;0,12,7,9,11,5,6,2,4,8,10,3,1,0,;203217992
13;GreedyTSP;1792;0,7,11,1,5,6,8,10,4,2,3,12,9,0,;47
13;RandomGreedyTSP;1502;12,6,8,10,4,2,0,7,11,1,5,9,3,12,;47
13;MetaTSP;1449;0,7,11,1,5,6,8,10,4,2,9,12,3,0,;363
13;BruteForceTSP;1293;0,7,3,11,1,5,9,12,6,8,10,4,2,0,;34869357
13;GreedyTSP;0;0,0,4,2,3,5,9,1,6,10,8,7,12,0,;50
13;RandomGreedyTSP;1748;10,3,5,9,2,4,0,7,12,11,8,6,1,10,;39
13;MetaTSP;0;0,2,6,11,5,1,3,9,10,8,7,4,12,0,;172
13;BruteForceTSP;0;-842150451,-842150451,-842150451,-842150451,-842150451,-842150451,-842150451,-842150451,-842150451,-842150451,-842150451,-842150451,-842150451,-842150451,;23
13;GreedyTSP;1527;0,9,8,12,4,5,11,2,3,10,1,6,7,0,;46
13;RandomGreedyTSP;1527;0,9,8,12,4,5,11,2,3,10,1,6,7,0,;49
13;MetaTSP;1473;0,9,8,12,4,5,11,2,3,1,10,7,6,0,;378
13;BruteForceTSP;1236;0,1,10,6,5,11,7,3,2,9,4,8,12,0,;44454945
13;GreedyTSP;1595;0,4,2,9,7,1,6,12,8,5,3,11,10,0,;48
13;RandomGreedyTSP;2004;7,1,6,12,9,3,2,4,5,8,0,10,11,7,;49
13;MetaTSP;1358;0,4,12,9,7,1,6,10,8,5,3,11,2,0,;351
13;BruteForceTSP;1160;0,4,2,11,10,5,8,3,6,12,9,7,1,0,;24378477
13;GreedyTSP;1499;0,1,6,11,12,7,9,8,10,2,4,5,3,0,;49
13;RandomGreedyTSP;1499;0,1,6,11,12,7,9,8,10,2,4,5,3,0,;42
13;MetaTSP;1381;0,1,3,11,12,7,9,8,2,10,4,5,6,0,;268
13;BruteForceTSP;1157;0,1,3,4,5,11,12,7,9,8,10,2,6,0,;91050348
