6;GreedyTSP;0;0,4,5,3,0,0,0,;48
6;RandomGreedyTSP;685;1,5,3,4,0,0,1,;30
6;MetaTSP;0;0,3,1,4,2,5,0,;176
6;BruteForceTSP;0;-842150451,-842150451,-842150451,-842150451,-842150451,-842150451,-842150451,;34
6;GreedyTSP;1038;0,5,4,3,1,2,0,;33
6;RandomGreedyTSP;1222;4,0,5,3,1,2,4,;30
6;MetaTSP;1038;0,5,4,3,1,2,0,;217
6;BruteForceTSP;1038;0,5,4,3,1,2,0,;87
6;GreedyTSP;966;0,5,3,4,1,2,0,;43
6;RandomGreedyTSP;966;0,5,3,4,1,2,0,;40
6;MetaTSP;966;0,5,3,4,1,2,0,;264
6;BruteForceTSP;932;0,5,1,2,4,3,0,;114
6;GreedyTSP;1037;0,3,4,1,2,5,0,;30
6;RandomGreedyTSP;1032;4,1,0,3,2,5,4,;33
6;MetaTSP;933;0,3,4,1,5,2,0,;213
6;BruteForceTSP;933;0,3,4,1,5,2,0,;56
6;GreedyTSP;917;0,1,5,4,3,2,0,;38
6;RandomGreedyTSP;1000;1,5,0,3,4,2,1,;36
6;MetaTSP;794;0,3,4,5,1,2,0,;238
6;BruteForceTSP;794;0,3,4,5,1,2,0,;87
6;GreedyTSP;1112;0,5,4,2,1,3,0,;34
6;RandomGreedyTSP;1362;2,5,4,0,1,3,2,;44
6;MetaTSP;955;0,5,4,2,3,1,0,;232
6;BruteForceTSP;949;0,1,5,4,2,3,0,;104
6;GreedyTSP;1154;0,4,1,5,3,2,0,;37
6;RandomGreedyTSP;1154;0,4,1,5,3,2,0,;30
6;MetaTSP;1154;0,4,1,5,3,2,0,;233
6;BruteForceTSP;831;0,3,2,4,1,5,0,;77
6;GreedyTSP;857;0,4,3,5,2,1,0,;19
6;RandomGreedyTSP;564;4,3,0,2,1,5,4,;15
6;MetaTSP;857;0,4,3,5,2,1,0,;139
6;BruteForceTSP;564;0,2,1,5,4,3,0,;67
6;GreedyTSP;984;0,4,2,3,1,5,0,;34
6;RandomGreedyTSP;920;3,1,2,0,4,5,3,;24
6;MetaTSP;920;0,4,5,3,1,2,0,;152
6;BruteForceTSP;920;0,4,5,3,1,2,0,;76
6;GreedyTSP;1176;0,1,3,4,5,2,0,;32
6;RandomGreedyTSP;691;3,0,1,2,5,4,3,;44
6;MetaTSP;714;0,1,3,2,5,4,0,;154
6;BruteForceTSP;687;0,1,2,5,3,4,0,;55
6;GreedyTSP;974;0,4,2,5,1,3,0,;122
6;RandomGreedyTSP;974;3,0,4,2,5,1,3,;37
6;MetaTSP;974;0,4,2,5,1,3,0,;159
6;BruteForceTSP;833;0,4,5,1,2,3,0,;61
6;GreedyTSP;894;0,1,4,2,5,3,0,;52
6;RandomGreedyTSP;894;1,4,2,5,3,0,1,;65
6;MetaTSP;894;0,1,4,2,5,3,0,;220
6;BruteForceTSP;894;0,1,4,2,5,3,0,;63
6;GreedyTSP;0;0,0,3,1,2,4,0,;42
6;RandomGreedyTSP;870;0,0,3,1,2,4,0,;22
6;MetaTSP;0;0,3,4,1,2,5,0,;111
6;BruteForceTSP;0;-842150451,-842150451,-842150451,-842150451,-842150451,-842150451,-842150451,;15
6;GreedyTSP;682;0,3,4,1,2,5,0,;33
6;RandomGreedyTSP;682;3,4,1,2,5,0,3,;35
6;MetaTSP;682;0,3,4,1,2,5,0,;148
6;BruteForceTSP;570;0,4,1,2,5,3,0,;64
6;GreedyTSP;1035;0,4,5,1,3,2,0,;22
6;RandomGreedyTSP;1103;2,5,1,4,0,3,2,;19
6;MetaTSP;1035;0,4,5,1,3,2,0,;155
6;BruteForceTSP;816;0,4,2,5,1,3,0,;87
6;GreedyTSP;906;0,3,4,1,2,5,0,;166
6;RandomGreedyTSP;1042;4,1,2,0,3,5,4,;33
6;MetaTSP;845;0,3,4,1,5,2,0,;138
6;BruteForceTSP;697;0,3,2,4,1,5,0,;35
6;GreedyTSP;930;0,1,4,3,5,2,0,;35
6;RandomGreedyTSP;1070;1,0,4,3,5,2,1,;32
6;MetaTSP;930;0,1,4,3,5,2,0,;237
6;BruteForceTSP;930;0,1,4,3,5,2,0,;106
6;GreedyTSP;934;0,3,5,2,1,4,0,;30
6;RandomGreedyTSP;959;1,5,2,3,0,4,1,;19
6;MetaTSP;934;0,3,5,2,1,4,0,;142
6;BruteForceTSP;934;0,3,5,2,1,4,0,;40
6;GreedyTSP;1084;0,1,4,3,2,5,0,;34
6;RandomGreedyTSP;1084;0,1,4,3,2,5,0,;35
6;MetaTSP;790;0,1,5,3,2,4,0,;236
6;BruteForceTSP;790;0,1,5,3,2,4,0,;54
6;GreedyTSP;954;0,5,1,3,4,2,0,;56
6;RandomGreedyTSP;1080;3,4,1,5,2,0,3,;59
6;MetaTSP;902;0,5,2,3,4,1,0,;1077
6;BruteForceTSP;902;0,5,2,3,4,1,0,;107
6;GreedyTSP;861;0,1,2,3,5,4,0,;48
6;RandomGreedyTSP;1377;1,2,0,4,5,3,1,;47
6;MetaTSP;861;0,1,2,3,5,4,0,;323
6;BruteForceTSP;861;0,1,2,3,5,4,0,;89
6;GreedyTSP;1007;0,3,5,1,2,4,0,;32
6;RandomGreedyTSP;1007;0,3,5,1,2,4,0,;29
6;MetaTSP;1007;0,3,5,1,2,4,0,;235
6;BruteForceTSP;698;0,3,5,2,4,1,0,;123
6;GreedyTSP;829;0,1,3,4,2,5,0,;33
6;RandomGreedyTSP;829;5,0,1,3,4,2,5,;46
6;MetaTSP;829;0,1,3,4,2,5,0,;156
6;BruteForceTSP;829;0,1,3,4,2,5,0,;46
6;GreedyTSP;920;0,4,1,2,5,3,0,;197
6;RandomGreedyTSP;863;5,4,1,2,0,3,5,;35
6;MetaTSP;744;0,4,1,3,5,2,0,;148
6;BruteForceTSP;744;0,4,1,3,5,2,0,;50
6;GreedyTSP;765;0,2,4,1,3,5,0,;32
6;RandomGreedyTSP;765;0,2,4,1,3,5,0,;35
6;MetaTSP;765;0,2,4,1,3,5,0,;211
6;BruteForceTSP;765;0,2,4,1,3,5,0,;54
6;GreedyTSP;682;0,2,5,4,1,3,0,;35
6;RandomGreedyTSP;942;4,5,2,0,3,1,4,;31
6;MetaTSP;682;0,2,5,4,1,3,0,;224
6;BruteForceTSP;663;0,4,1,3,5,2,0,;66
6;GreedyTSP;0;0,5,1,2,4,0,0,;45
6;RandomGreedyTSP;1102;3,1,0,5,4,2,3,;23
6;MetaTSP;0;0,2,4,1,3,5,0,;170
6;BruteForceTSP;851;0,4,5,3,2,1,0,;63
6;GreedyTSP;0;0,0,3,2,1,4,0,;29
6;RandomGreedyTSP;997;3,0,0,1,4,5,3,;16
6;MetaTSP;0;0,1,3,4,2,5,0,;109
6;BruteForceTSP;0;-842150451,-842150451,-842150451,-842150451,-842150451,-842150451,-842150451,;14
6;GreedyTSP;648;0,5,3,1,4,2,0,;30
6;RandomGreedyTSP;648;0,5,3,1,4,2,0,;21
6;MetaTSP;648;0,5,3,1,4,2,0,;156
6;BruteForceTSP;633;0,1,4,5,3,2,0,;50
6;GreedyTSP;1009;0,2,3,1,4,5,0,;31
6;RandomGreedyTSP;923;4,2,3,0,5,1,4,;30
6;MetaTSP;1009;0,2,3,1,4,5,0,;340
6;BruteForceTSP;1009;0,2,3,1,4,5,0,;27
7;GreedyTSP;963;0,6,3,2,4,1,5,0,;49
7;RandomGreedyTSP;963;0,6,3,2,4,1,5,0,;44
7;MetaTSP;854;0,6,5,2,4,1,3,0,;294
7;BruteForceTSP;786;0,5,6,3,4,1,2,0,;350
7;GreedyTSP;0;0,4,6,3,2,5,0,0,;52
7;RandomGreedyTSP;1220;2,3,4,6,0,5,1,2,;41
7;MetaTSP;0;0,5,1,3,4,2,6,0,;223
7;BruteForceTSP;950;0,4,6,1,3,2,5,0,;78
7;GreedyTSP;1179;0,5,1,6,4,2,3,0,;51
7;RandomGreedyTSP;1304;5,0,1,6,4,2,3,5,;48
7;MetaTSP;994;0,5,4,1,2,6,3,0,;347
7;BruteForceTSP;902;0,6,3,1,2,4,5,0,;780
7;GreedyTSP;1377;0,3,5,1,4,2,6,0,;46
7;RandomGreedyTSP;1195;3,5,0,1,4,2,6,3,;44
7;MetaTSP;1377;0,3,5,1,4,2,6,0,;339
7;BruteForceTSP;1195;0,1,4,2,6,3,5,0,;401
7;GreedyTSP;832;0,3,6,2,5,1,4,0,;59
7;RandomGreedyTSP;818;5,1,6,2,0,3,4,5,;50
7;MetaTSP;832;0,3,6,2,5,1,4,0,;369
7;BruteForceTSP;793;0,3,6,5,1,4,2,0,;319
7;GreedyTSP;801;0,6,1,2,4,3,5,0,;33
7;RandomGreedyTSP;1116;3,6,1,2,0,4,5,3,;22
7;MetaTSP;801;0,6,1,2,4,3,5,0,;173
7;BruteForceTSP;801;0,6,1,2,4,3,5,0,;235
7;GreedyTSP;1553;0,1,4,5,3,6,2,0,;37
7;RandomGreedyTSP;1553;0,1,4,5,3,6,2,0,;22
7;MetaTSP;1138;0,4,1,5,2,3,6,0,;171
7;BruteForceTSP;1107;0,4,5,2,3,1,6,0,;139
7;GreedyTSP;1492;0,3,2,1,4,5,6,0,;39
7;RandomGreedyTSP;1263;5,4,3,2,1,0,6,5,;33
7;MetaTSP;1036;0,3,2,1,6,5,4,0,;251
7;BruteForceTSP;1036;0,3,2,1,6,5,4,0,;549
7;GreedyTSP;895;0,6,3,4,5,2,1,0,;44
7;RandomGreedyTSP;918;5,2,6,3,4,1,0,5,;38
7;MetaTSP;895;0,6,3,4,5,2,1,0,;255
7;BruteForceTSP;829;0,4,1,5,2,6,3,0,;341
7;GreedyTSP;806;0,4,1,5,2,6,3,0,;37
7;RandomGreedyTSP;1067;1,5,2,6,4,0,3,1,;24
7;MetaTSP;806;0,4,1,5,2,6,3,0,;196
7;BruteForceTSP;739;0,4,2,6,5,3,1,0,;255
7;GreedyTSP;1348;0,5,2,1,6,3,4,0,;45
7;RandomGreedyTSP;1484;5,0,1,6,2,3,4,5,;43
7;MetaTSP;1295;0,3,2,1,6,5,4,0,;338
7;BruteForceTSP;1120;0,3,2,1,5,4,6,0,;462
7;GreedyTSP;995;0,6,2,1,4,3,5,0,;49
7;RandomGreedyTSP;995;0,6,2,1,4,3,5,0,;201
7;MetaTSP;883;0,6,2,5,4,3,1,0,;244
7;BruteForceTSP;877;0,1,4,3,6,2,5,0,;480
7;GreedyTSP;0;0,0,2,5,6,1,4,0,;355
7;RandomGreedyTSP;873;4,3,2,5,6,1,0,4,;30
7;MetaTSP;0;0,3,2,4,5,1,6,0,;150
7;BruteForceTSP;0;-842150451,-842150451,-842150451,-842150451,-842150451,-842150451,-842150451,-842150451,;20
7;GreedyTSP;0;0,0,5,3,6,4,2,0,;167
7;RandomGreedyTSP;1113;2,3,0,5,4,6,1,2,;20
7;MetaTSP;0;0,5,3,2,1,4,6,0,;119
7;BruteForceTSP;0;-842150451,-842150451,-842150451,-842150451,-842150451,-842150451,-842150451,-842150451,;18
7;GreedyTSP;940;0,2,3,6,1,4,5,0,;53
7;RandomGreedyTSP;1007;3,6,1,4,0,2,5,3,;42
7;MetaTSP;940;0,2,3,6,1,4,5,0,;308
7;BruteForceTSP;819;0,2,3,6,5,1,4,0,;117
7;GreedyTSP;959;0,1,3,2,6,5,4,0,;39
7;RandomGreedyTSP;981;6,2,5,4,3,1,0,6,;34
7;MetaTSP;959;0,1,3,2,6,5,4,0,;214
7;BruteForceTSP;856;0,1,3,5,4,6,2,0,;189
7;GreedyTSP;1291;0,2,1,4,6,5,3,0,;55
7;RandomGreedyTSP;1067;6,0,0,2,1,4,3,6,;59
7;MetaTSP;752;0,2,3,4,1,6,5,0,;224
7;BruteForceTSP;752;0,2,3,4,1,6,5,0,;132
7;GreedyTSP;1343;0,4,6,1,5,2,3,0,;69
7;RandomGreedyTSP;1198;3,0,0,4,6,1,5,3,;37
7;MetaTSP;1049;0,4,3,1,5,2,6,0,;162
7;BruteForceTSP;1049;0,4,3,1,5,2,6,0,;106
7;GreedyTSP;944;0,1,2,6,4,3,5,0,;38
7;RandomGreedyTSP;978;4,3,0,1,2,6,5,4,;21
7;MetaTSP;944;0,1,2,6,4,3,5,0,;143
7;BruteForceTSP;899;0,1,2,5,6,4,3,0,;40
7;GreedyTSP;1110;0,5,4,1,6,2,3,0,;32
7;RandomGreedyTSP;1047;3,5,4,1,6,0,2,3,;27
7;MetaTSP;586;0,5,4,1,3,2,6,0,;212
7;BruteForceTSP;586;0,5,4,1,3,2,6,0,;187
7;GreedyTSP;0;0,1,2,6,5,4,0,0,;76
7;RandomGreedyTSP;1047;4,6,1,2,0,5,0,4,;61
7;MetaTSP;0;0,3,1,2,5,4,6,0,;339
7;BruteForceTSP;928;0,5,4,2,6,1,3,0,;241
7;GreedyTSP;1285;0,3,6,5,1,4,2,0,;49
7;RandomGreedyTSP;1053;6,5,1,3,0,2,4,6,;56
7;MetaTSP;1010;0,1,6,5,3,2,4,0,;150
7;BruteForceTSP;970;0,5,4,1,6,2,3,0,;141
7;GreedyTSP;948;0,1,2,5,6,3,4,0,;57
7;RandomGreedyTSP;992;3,1,2,5,6,4,0,3,;52
7;MetaTSP;948;0,1,2,5,6,3,4,0,;332
7;BruteForceTSP;948;0,1,2,5,6,3,4,0,;117
7;GreedyTSP;1062;0,3,6,4,5,2,1,0,;38
7;RandomGreedyTSP;1165;4,5,0,3,6,2,1,4,;40
7;MetaTSP;1062;0,3,6,4,5,2,1,0,;274
7;BruteForceTSP;768;0,2,1,3,6,4,5,0,;385
7;GreedyTSP;820;0,4,1,2,5,6,3,0,;31
7;RandomGreedyTSP;962;1,4,2,5,6,3,0,1,;37
7;MetaTSP;820;0,4,1,2,5,6,3,0,;282
7;BruteForceTSP;820;0,4,1,2,5,6,3,0,;707
7;GreedyTSP;1265;0,2,1,4,6,5,3,0,;34
7;RandomGreedyTSP;1265;0,2,1,4,6,5,3,0,;32
7;MetaTSP;875;0,2,1,4,3,5,6,0,;148
7;BruteForceTSP;866;0,3,5,6,1,4,2,0,;68
7;GreedyTSP;1285;0,6,3,4,5,1,2,0,;36
7;RandomGreedyTSP;976;1,5,0,6,3,4,2,1,;39
7;MetaTSP;976;0,6,3,4,2,1,5,0,;168
7;BruteForceTSP;848;0,3,6,1,2,4,5,0,;201
7;GreedyTSP;788;0,1,6,4,5,2,3,0,;41
7;RandomGreedyTSP;980;5,0,1,6,4,3,2,5,;38
7;MetaTSP;714;0,1,6,3,5,2,4,0,;240
7;BruteForceTSP;663;0,1,6,2,3,4,5,0,;177
7;GreedyTSP;958;0,6,4,3,2,5,1,0,;33
7;RandomGreedyTSP;832;6,4,3,0,2,5,1,6,;39
7;MetaTSP;958;0,6,4,3,2,5,1,0,;226
7;BruteForceTSP;871;0,6,2,5,1,4,3,0,;116
7;GreedyTSP;1263;0,5,4,3,1,6,2,0,;39
7;RandomGreedyTSP;1091;4,3,1,0,5,2,6,4,;35
7;MetaTSP;1019;0,1,6,3,4,2,5,0,;440
7;BruteForceTSP;964;0,5,3,4,2,6,1,0,;225
